# q2 xb t phi eta_pub eta_new r=eta_new/eta_pub
   1.1660   0.1330   0.119     9.00    0.94132    0.95702   1.01668
   1.1660   0.1330   0.120    27.00    0.93891    0.95362   1.01566
   1.1660   0.1330   0.120    45.00    0.93446    0.94756   1.01403
   1.1660   0.1330   0.120    81.00    0.92291    0.93284   1.01076
   1.1660   0.1330   0.120    99.00    0.91731    0.92604   1.00952
   1.1660   0.1330   0.120   117.00    0.91250    0.92030   1.00855
   1.1660   0.1330   0.120   225.00    0.90877    0.91603   1.00800
   1.1650   0.1330   0.120   243.00    0.91244    0.92042   1.00875
   1.1660   0.1330   0.119   261.00    0.91735    0.92630   1.00976
   1.1660   0.1330   0.120   279.00    0.92291    0.93305   1.01099
   1.1660   0.1330   0.120   297.00    0.92885    0.94046   1.01251
   1.1660   0.1330   0.120   333.00    0.93891    0.95371   1.01576
   1.1660   0.1330   0.119   351.00    0.94132    0.95705   1.01671
   1.1660   0.1330   0.175     9.00    0.94495    0.96174   1.01778
   1.1660   0.1330   0.174    27.00    0.94170    0.95708   1.01633
   1.1660   0.1330   0.175    63.00    0.92904    0.94022   1.01203
   1.1660   0.1330   0.175    81.00    0.92174    0.93119   1.01025
   1.1660   0.1330   0.175   117.00    0.90921    0.91637   1.00787
   1.1650   0.1330   0.174   135.00    0.90475    0.91124   1.00717
   1.1660   0.1330   0.175   153.00    0.90174    0.90778   1.00670
   1.1660   0.1330   0.175   207.00    0.90174    0.90779   1.00671
   1.1660   0.1330   0.175   225.00    0.90476    0.91126   1.00719
   1.1660   0.1330   0.174   261.00    0.91501    0.92321   1.00896
   1.1650   0.1330   0.175   279.00    0.92169    0.93121   1.01033
   1.1660   0.1330   0.174   297.00    0.92904    0.94029   1.01211
   1.1660   0.1330   0.174   315.00    0.93604    0.94935   1.01422
   1.1650   0.1330   0.175   333.00    0.94171    0.95711   1.01634
   1.1660   0.1330   0.175   351.00    0.94495    0.96174   1.01777
   1.1660   0.1330   0.250     9.00    0.94796    0.96519   1.01817
   1.1660   0.1330   0.249    27.00    0.94397    0.95946   1.01642
   1.1660   0.1330   0.250    63.00    0.92862    0.93923   1.01143
   1.1660   0.1330   0.250    81.00    0.92003    0.92878   1.00951
   1.1660   0.1330   0.250    99.00    0.91218    0.91957   1.00810
   1.1660   0.1330   0.249   117.00    0.90562    0.91207   1.00712
   1.1660   0.1330   0.250   135.00    0.90048    0.90629   1.00645
   1.1660   0.1330   0.249   153.00    0.89707    0.90250   1.00605
   1.1660   0.1330   0.249   189.00    0.89532    0.90053   1.00583
   1.1660   0.1330   0.250   207.00    0.89702    0.90238   1.00598
   1.1660   0.1330   0.250   225.00    0.90048    0.90622   1.00637
   1.1660   0.1330   0.250   243.00    0.90558    0.91196   1.00705
   1.1660   0.1330   0.249   261.00    0.91222    0.91958   1.00807
   1.1660   0.1330   0.249   279.00    0.92005    0.92878   1.00948
   1.1660   0.1330   0.250   297.00    0.92862    0.93918   1.01137
   1.1660   0.1330   0.250   315.00    0.93705    0.94994   1.01376
   1.1660   0.1330   0.250   333.00    0.94399    0.95938   1.01630
   1.1660   0.1330   0.249   351.00    0.94793    0.96511   1.01812
   1.1660   0.1330   0.350     9.00    0.95022    0.96686   1.01751
   1.1660   0.1330   0.350    27.00    0.94546    0.96025   1.01564
   1.1660   0.1330   0.350    45.00    0.93727    0.94941   1.01295
   1.1660   0.1330   0.350    63.00    0.92751    0.93722   1.01046
   1.1660   0.1330   0.350    81.00    0.91774    0.92559   1.00855
   1.1660   0.1330   0.349    99.00    0.90897    0.91552   1.00720
   1.1660   0.1330   0.349   117.00    0.90164    0.90731   1.00628
   1.1660   0.1330   0.350   135.00    0.89597    0.90107   1.00569
   1.1660   0.1330   0.350   153.00    0.89212    0.89691   1.00537
   1.1660   0.1330   0.349   171.00    0.89019    0.89484   1.00522
   1.1660   0.1330   0.350   189.00    0.89015    0.89475   1.00516
   1.1660   0.1330   0.350   207.00    0.89212    0.89679   1.00524
   1.1660   0.1330   0.350   225.00    0.89597    0.90093   1.00553
   1.1660   0.1330   0.350   243.00    0.90161    0.90713   1.00612
   1.1660   0.1330   0.350   261.00    0.90894    0.91535   1.00705
   1.1660   0.1330   0.350   279.00    0.91774    0.92545   1.00840
   1.1660   0.1330   0.349   315.00    0.93727    0.94919   1.01272
   1.1660   0.1330   0.349   333.00    0.94545    0.96002   1.01540
   1.1650   0.1330   0.349   351.00    0.95021    0.96677   1.01742
   1.1660   0.1330   0.500     9.00    0.95171    0.96624   1.01526
   1.1660   0.1330   0.500    27.00    0.94608    0.95900   1.01366
   1.1650   0.1330   0.499    45.00    0.93655    0.94710   1.01126
   1.1660   0.1330   0.500    63.00    0.92543    0.93374   1.00898
   1.1660   0.1330   0.500    81.00    0.91450    0.92113   1.00725
   1.1660   0.1330   0.499    99.00    0.90481    0.91028   1.00604
   1.1660   0.1330   0.500   117.00    0.89678    0.90148   1.00524
   1.1660   0.1330   0.499   135.00    0.89068    0.89493   1.00477
   1.1660   0.1330   0.500   153.00    0.88646    0.89048   1.00453
   1.1660   0.1330   0.499   171.00    0.88435    0.88827   1.00444
   1.1660   0.1330   0.500   189.00    0.88431    0.88817   1.00436
   1.1660   0.1330   0.499   207.00    0.88650    0.89036   1.00436
   1.1660   0.1330   0.500   225.00    0.89065    0.89469   1.00454
   1.1660   0.1330   0.499   243.00    0.89681    0.90130   1.00501
   1.1660   0.1330   0.500   261.00    0.90479    0.91003   1.00579
   1.1660   0.1330   0.499   279.00    0.91452    0.92091   1.00699
   1.1660   0.1330   0.500   297.00    0.92543    0.93344   1.00865
   1.1650   0.1330   0.500   315.00    0.93654    0.94670   1.01084
   1.1660   0.1330   0.499   333.00    0.94607    0.95861   1.01325
   1.1660   0.1330   0.500   351.00    0.95171    0.96605   1.01507
   1.1650   0.1330   0.799     9.00    0.95236    0.96164   1.00974
   1.1660   0.1330   0.800    27.00    0.94540    0.95397   1.00906
   1.1660   0.1330   0.800    45.00    0.93405    0.94127   1.00773
   1.1660   0.1330   0.799    63.00    0.92120    0.92699   1.00628
   1.1660   0.1330   0.799    81.00    0.90889    0.91350   1.00507
   1.1660   0.1330   0.799    99.00    0.89816    0.90193   1.00419
   1.1660   0.1330   0.800   117.00    0.88943    0.89264   1.00362
   1.1660   0.1330   0.800   135.00    0.88283    0.88573   1.00329
   1.1660   0.1330   0.800   153.00    0.87837    0.88112   1.00313
   1.1660   0.1330   0.800   171.00    0.87610    0.87877   1.00305
   1.1660   0.1330   0.799   189.00    0.87612    0.87873   1.00298
   1.1660   0.1330   0.799   207.00    0.87839    0.88098   1.00294
   1.1660   0.1330   0.800   225.00    0.88283    0.88551   1.00304
   1.1660   0.1330   0.799   243.00    0.88945    0.89241   1.00334
   1.1660   0.1330   0.799   261.00    0.89816    0.90164   1.00387
   1.1660   0.1330   0.800   279.00    0.90887    0.91312   1.00468
   1.1650   0.1330   0.799   297.00    0.92118    0.92654   1.00581
   1.1660   0.1330   0.800   315.00    0.93405    0.94071   1.00714
   1.1660   0.1330   0.800   333.00    0.94540    0.95340   1.00846
   1.1660   0.1330   0.800   351.00    0.95231    0.96128   1.00942
   1.1660   0.1330   1.250     9.00    0.95328    0.95458   1.00137
   1.1660   0.1330   1.250    27.00    0.94445    0.94662   1.00229
   1.1660   0.1330   1.250    45.00    0.93067    0.93328   1.00280
   1.1650   0.1330   1.249    63.00    0.91586    0.91836   1.00273
   1.1660   0.1330   1.249    81.00    0.90225    0.90440   1.00238
   1.1660   0.1330   1.249    99.00    0.89073    0.89252   1.00201
   1.1660   0.1330   1.250   135.00    0.87471    0.87601   1.00149
   1.1660   0.1330   1.250   153.00    0.87018    0.87134   1.00133
   1.1660   0.1330   1.250   189.00    0.86791    0.86893   1.00117
   1.1660   0.1330   1.250   225.00    0.87471    0.87584   1.00130
   1.1660   0.1330   1.250   243.00    0.88153    0.88284   1.00148
   1.1660   0.1330   1.250   261.00    0.89071    0.89227   1.00175
   1.1660   0.1330   1.249   279.00    0.90225    0.90411   1.00206
   1.1650   0.1330   1.249   297.00    0.91586    0.91798   1.00232
   1.1660   0.1330   1.250   351.00    0.95328    0.95433   1.00110
   1.3880   0.1700   0.120     9.00    0.92630    0.93928   1.01401
   1.3880   0.1700   0.120    27.00    0.92395    0.93615   1.01321
   1.3880   0.1700   0.119    45.00    0.91968    0.93068   1.01196
   1.3880   0.1700   0.120    63.00    0.91448    0.92421   1.01065
   1.3880   0.1700   0.120    81.00    0.90892    0.91749   1.00943
   1.3880   0.1700   0.120   117.00    0.89931    0.90610   1.00756
   1.3880   0.1700   0.119   135.00    0.89602    0.90223   1.00693
   1.3880   0.1700   0.119   153.00    0.89380    0.89962   1.00651
   1.3880   0.1700   0.119   171.00    0.89271    0.89838   1.00635
   1.3880   0.1700   0.119   225.00    0.89602    0.90269   1.00745
   1.3880   0.1700   0.119   261.00    0.90376    0.91194   1.00905
   1.3880   0.1700   0.119   279.00    0.90893    0.91809   1.01007
   1.3880   0.1700   0.119   297.00    0.91445    0.92472   1.01124
   1.3880   0.1700   0.119   333.00    0.92386    0.93632   1.01350
   1.3880   0.1700   0.120   351.00    0.92630    0.93939   1.01412
   1.3880   0.1700   0.174    27.00    0.92814    0.94163   1.01454
   1.3870   0.1690   0.174    81.00    0.90883    0.91731   1.00933
   1.3880   0.1700   0.174   117.00    0.89613    0.90252   1.00713
   1.3880   0.1700   0.175   153.00    0.88902    0.89432   1.00597
   1.3880   0.1700   0.175   171.00    0.88763    0.89274   1.00576
   1.3880   0.1700   0.174   189.00    0.88771    0.89289   1.00584
   1.3880   0.1700   0.175   225.00    0.89183    0.89782   1.00672
   1.3880   0.1700   0.175   243.00    0.89608    0.90277   1.00746
   1.3880   0.1700   0.175   261.00    0.90165    0.90926   1.00843
   1.3880   0.1700   0.175   279.00    0.90829    0.91708   1.00968
   1.3880   0.1700   0.174   297.00    0.91548    0.92577   1.01123
   1.3880   0.1700   0.175   315.00    0.92249    0.93450   1.01302
   1.3880   0.1700   0.175   351.00    0.93145    0.94623   1.01587
   1.3880   0.1700   0.249     9.00    0.93623    0.95245   1.01733
   1.3880   0.1700   0.250    27.00    0.93204    0.94657   1.01559
   1.3880   0.1700   0.249    45.00    0.92470    0.93681   1.01310
   1.3880   0.1700   0.249    63.00    0.91597    0.92584   1.01077
   1.3880   0.1700   0.250    81.00    0.90717    0.91528   1.00893
   1.3880   0.1700   0.250    99.00    0.89923    0.90604   1.00758
   1.3880   0.1700   0.249   117.00    0.89267    0.89858   1.00661
   1.3880   0.1700   0.250   135.00    0.88762    0.89288   1.00593
   1.3880   0.1700   0.250   153.00    0.88429    0.88914   1.00548
   1.3880   0.1700   0.249   171.00    0.88270    0.88735   1.00527
   1.3880   0.1700   0.250   189.00    0.88264    0.88732   1.00530
   1.3880   0.1700   0.250   207.00    0.88429    0.88921   1.00557
   1.3880   0.1700   0.250   225.00    0.88762    0.89300   1.00606
   1.3880   0.1700   0.250   243.00    0.89263    0.89868   1.00677
   1.3880   0.1700   0.250   261.00    0.89923    0.90622   1.00778
   1.3880   0.1700   0.250   279.00    0.90717    0.91547   1.00915
   1.3880   0.1700   0.250   297.00    0.91597    0.92603   1.01098
   1.3880   0.1700   0.249   315.00    0.92470    0.93696   1.01325
   1.3880   0.1700   0.249   333.00    0.93200    0.94659   1.01565
   1.3880   0.1700   0.249   351.00    0.93623    0.95247   1.01734
   1.3880   0.1700   0.350     9.00    0.94059    0.95773   1.01822
   1.3880   0.1700   0.349    27.00    0.93525    0.95022   1.01601
   1.3880   0.1700   0.350    45.00    0.92630    0.93833   1.01299
   1.3880   0.1700   0.349    63.00    0.91583    0.92530   1.01034
   1.3880   0.1700   0.350    81.00    0.90554    0.91310   1.00834
   1.3880   0.1700   0.349    99.00    0.89645    0.90269   1.00696
   1.3880   0.1700   0.349   117.00    0.88897    0.89431   1.00601
   1.3880   0.1700   0.349   135.00    0.88330    0.88807   1.00539
   1.3880   0.1700   0.349   153.00    0.87953    0.88393   1.00501
   1.3880   0.1700   0.349   171.00    0.87764    0.88188   1.00483
   1.3880   0.1700   0.349   189.00    0.87764    0.88187   1.00482
   1.3880   0.1700   0.350   207.00    0.87948    0.88389   1.00500
   1.3880   0.1700   0.349   225.00    0.88330    0.88808   1.00540
   1.3880   0.1700   0.350   243.00    0.88893    0.89430   1.00604
   1.3870   0.1700   0.350   261.00    0.89638    0.90267   1.00701
   1.3880   0.1700   0.350   279.00    0.90554    0.91316   1.00841
   1.3870   0.1690   0.350   297.00    0.91627    0.92577   1.01037
   1.3880   0.1700   0.350   315.00    0.92630    0.93833   1.01300
   1.3880   0.1700   0.349   333.00    0.93525    0.95016   1.01595
   1.3880   0.1700   0.349   351.00    0.94055    0.95765   1.01817
   1.3880   0.1700   0.500     9.00    0.94445    0.96129   1.01783
   1.3880   0.1700   0.499    27.00    0.93789    0.95236   1.01544
   1.3880   0.1690   0.499    45.00    0.92744    0.93870   1.01214
   1.3880   0.1700   0.500    63.00    0.91484    0.92346   1.00942
   1.3880   0.1690   0.499    81.00    0.90357    0.91027   1.00742
   1.3880   0.1700   0.499    99.00    0.89283    0.89828   1.00610
   1.3880   0.1700   0.499   117.00    0.88450    0.88914   1.00524
   1.3880   0.1700   0.500   135.00    0.87820    0.88234   1.00472
   1.3870   0.1690   0.500   153.00    0.87452    0.87840   1.00443
   1.3880   0.1700   0.500   171.00    0.87188    0.87565   1.00432
   1.3880   0.1700   0.499   189.00    0.87192    0.87566   1.00429
   1.3880   0.1700   0.499   207.00    0.87403    0.87785   1.00437
   1.3880   0.1700   0.500   243.00    0.88448    0.88903   1.00514
   1.3880   0.1700   0.499   261.00    0.89283    0.89820   1.00601
   1.3880   0.1700   0.499   279.00    0.90309    0.90972   1.00734
   1.3880   0.1700   0.499   297.00    0.91485    0.92336   1.00930
   1.3880   0.1700   0.500   315.00    0.92710    0.93822   1.01199
   1.3880   0.1700   0.499   333.00    0.93789    0.95213   1.01518
   1.3880   0.1700   0.500   351.00    0.94445    0.96116   1.01769
   1.3880   0.1700   0.799     9.00    0.94781    0.96115   1.01408
   1.3880   0.1700   0.800    27.00    0.93959    0.95119   1.01235
   1.3880   0.1700   0.800    45.00    0.92643    0.93547   1.00976
   1.3870   0.1690   0.800    63.00    0.91231    0.91904   1.00738
   1.3880   0.1700   0.799    81.00    0.89849    0.90365   1.00574
   1.3880   0.1700   0.799    99.00    0.88697    0.89108   1.00464
   1.3880   0.1690   0.800   117.00    0.87825    0.88172   1.00395
   1.3880   0.1700   0.799   135.00    0.87085    0.87399   1.00361
   1.3880   0.1690   0.800   153.00    0.86680    0.86977   1.00343
   1.3880   0.1690   0.800   171.00    0.86448    0.86740   1.00338
   1.3880   0.1700   0.799   189.00    0.86393    0.86683   1.00335
   1.3880   0.1700   0.800   207.00    0.86623    0.86910   1.00332
   1.3880   0.1700   0.799   225.00    0.87085    0.87383   1.00342
   1.3880   0.1700   0.800   243.00    0.87772    0.88101   1.00375
   1.3880   0.1700   0.799   261.00    0.88697    0.89087   1.00440
   1.3880   0.1700   0.799   279.00    0.89849    0.90340   1.00546
   1.3880   0.1700   0.800   297.00    0.91198    0.91842   1.00707
   1.3880   0.1700   0.800   315.00    0.92643    0.93502   1.00927
   1.3880   0.1700   0.799   333.00    0.93958    0.95069   1.01182
   1.3880   0.1700   0.800   351.00    0.94782    0.96088   1.01379
   1.3880   0.1700   1.250     9.00    0.95006    0.95631   1.00657
   1.3880   0.1700   1.250    27.00    0.93985    0.94596   1.00650
   1.3880   0.1700   1.250    45.00    0.92416    0.92937   1.00564
   1.3880   0.1700   1.249    63.00    0.90763    0.91172   1.00450
   1.3880   0.1700   1.249    81.00    0.89271    0.89585   1.00352
   1.3880   0.1700   1.250    99.00    0.88025    0.88272   1.00281
   1.3880   0.1700   1.250   117.00    0.87045    0.87251   1.00237
   1.3880   0.1690   1.250   135.00    0.86377    0.86558   1.00211
   1.3880   0.1700   1.250   153.00    0.85846    0.86020   1.00202
   1.3870   0.1700   1.249   171.00    0.85605    0.85774   1.00198
   1.3880   0.1690   1.250   189.00    0.85665    0.85827   1.00189
   1.3880   0.1700   1.250   225.00    0.86322    0.86491   1.00195
   1.3870   0.1700   1.250   243.00    0.87040    0.87228   1.00216
   1.3880   0.1700   1.249   261.00    0.88026    0.88251   1.00256
   1.3880   0.1700   1.249   279.00    0.89271    0.89557   1.00320
   1.3880   0.1700   1.249   297.00    0.90763    0.91134   1.00409
   1.3880   0.1700   1.250   315.00    0.92416    0.92885   1.00508
   1.3880   0.1700   1.250   333.00    0.93985    0.94535   1.00585
   1.3880   0.1700   1.249   351.00    0.95006    0.95600   1.00626
   1.3880   0.1700   1.749    27.00    0.94085    0.94012   0.99923
   1.3880   0.1700   1.750    63.00    0.90358    0.90473   1.00128
   1.3880   0.1690   1.750   117.00    0.86510    0.86573   1.00073
   1.3880   0.1700   1.750   135.00    0.85729    0.85780   1.00059
   1.3880   0.1700   1.750   225.00    0.85729    0.85771   1.00049
   1.3870   0.1690   1.749   243.00    0.86506    0.86559   1.00062
   1.3880   0.1700   1.750   261.00    0.87462    0.87535   1.00083
   1.6190   0.1870   0.119    45.00    0.91843    0.92887   1.01137
   1.6190   0.1870   0.120    81.00    0.90885    0.91712   1.00911
   1.6190   0.1870   0.120   117.00    0.90019    0.90684   1.00739
   1.6190   0.1870   0.119   243.00    0.90026    0.90747   1.00801
   1.6190   0.1870   0.120   279.00    0.90885    0.91769   1.00973
   1.6190   0.1870   0.119   351.00    0.92417    0.93638   1.01321
   1.6190   0.1870   0.174    27.00    0.92623    0.93897   1.01375
   1.6190   0.1870   0.175    81.00    0.90817    0.91635   1.00900
   1.6190   0.1870   0.174    99.00    0.90211    0.90920   1.00786
   1.6190   0.1870   0.175   153.00    0.89035    0.89559   1.00588
   1.6190   0.1870   0.174   243.00    0.89698    0.90349   1.00725
   1.6190   0.1870   0.175   297.00    0.91476    0.92456   1.01071
   1.6190   0.1870   0.174   351.00    0.92915    0.94295   1.01486
   1.6190   0.1870   0.250    27.00    0.92981    0.94348   1.01471
   1.6190   0.1870   0.250    45.00    0.92313    0.93465   1.01248
   1.6190   0.1870   0.250    81.00    0.90701    0.91486   1.00865
   1.6190   0.1870   0.250    99.00    0.89964    0.90628   1.00738
   1.6190   0.1870   0.250   135.00    0.88880    0.89397   1.00582
   1.6190   0.1870   0.249   171.00    0.88415    0.88874   1.00519
   1.6190   0.1870   0.250   207.00    0.88566    0.89047   1.00543
   1.6190   0.1870   0.249   243.00    0.89353    0.89939   1.00655
   1.6190   0.1870   0.249   261.00    0.89967    0.90641   1.00749
   1.6190   0.1870   0.250   279.00    0.90701    0.91494   1.00875
   1.6190   0.1870   0.249   297.00    0.91511    0.92466   1.01043
   1.6190   0.1870   0.249   315.00    0.92311    0.93465   1.01250
   1.6190   0.1870   0.249   333.00    0.92977    0.94342   1.01467
   1.6190   0.1870   0.249   351.00    0.93362    0.94876   1.01621
   1.6190   0.1870   0.350     9.00    0.93742    0.95335   1.01699
   1.6190   0.1870   0.349    27.00    0.93257    0.94660   1.01505
   1.6190   0.1870   0.350    63.00    0.91481    0.92388   1.00992
   1.6190   0.1870   0.350    81.00    0.90532    0.91264   1.00808
   1.6190   0.1870   0.350    99.00    0.89684    0.90292   1.00678
   1.6190   0.1870   0.350   135.00    0.88450    0.88918   1.00529
   1.6190   0.1870   0.349   153.00    0.88097    0.88530   1.00492
   1.6190   0.1870   0.350   207.00    0.88092    0.88522   1.00487
   1.6190   0.1870   0.350   225.00    0.88450    0.88913   1.00524
   1.6190   0.1870   0.350   261.00    0.89684    0.90288   1.00674
   1.6190   0.1870   0.350   279.00    0.90532    0.91260   1.00804
   1.6190   0.1870   0.349   297.00    0.91482    0.92383   1.00985
   1.6190   0.1870   0.350   315.00    0.92440    0.93569   1.01221
   1.6190   0.1870   0.349   333.00    0.93257    0.94645   1.01488
   1.6190   0.1870   0.499     9.00    0.94046    0.95602   1.01654
   1.6190   0.1870   0.500    27.00    0.93458    0.94807   1.01443
   1.6190   0.1870   0.500    45.00    0.92481    0.93549   1.01155
   1.6190   0.1870   0.500    63.00    0.91364    0.92190   1.00904
   1.6190   0.1870   0.500    81.00    0.90280    0.90931   1.00721
   1.6190   0.1870   0.500    99.00    0.89326    0.89859   1.00597
   1.6190   0.1870   0.499   135.00    0.87956    0.88365   1.00466
   1.6190   0.1870   0.500   171.00    0.87354    0.87724   1.00423
   1.6190   0.1870   0.499   207.00    0.87558    0.87931   1.00426
   1.6190   0.1870   0.499   225.00    0.87956    0.88352   1.00451
   1.6190   0.1870   0.500   261.00    0.89326    0.89844   1.00580
   1.6190   0.1870   0.500   297.00    0.91364    0.92168   1.00880
   1.6190   0.1870   0.500   315.00    0.92481    0.93521   1.01124
   1.6190   0.1870   0.499   333.00    0.93457    0.94775   1.01411
   1.6190   0.1870   0.799     9.00    0.94233    0.95472   1.01315
   1.6190   0.1870   0.799    27.00    0.93517    0.94602   1.01160
   1.6190   0.1870   0.800    45.00    0.92356    0.93213   1.00928
   1.6190   0.1870   0.800    63.00    0.91057    0.91711   1.00718
   1.6190   0.1870   0.799    81.00    0.89824    0.90331   1.00564
   1.6190   0.1870   0.799    99.00    0.88754    0.89163   1.00461
   1.6190   0.1870   0.800   117.00    0.87886    0.88235   1.00397
   1.6190   0.1870   0.800   135.00    0.87233    0.87549   1.00362
   1.6190   0.1870   0.800   153.00    0.86796    0.87095   1.00345
   1.6180   0.1870   0.800   171.00    0.86570    0.86863   1.00338
   1.6190   0.1870   0.800   207.00    0.86796    0.87082   1.00329
   1.6190   0.1870   0.800   225.00    0.87233    0.87529   1.00339
   1.6190   0.1870   0.800   243.00    0.87886    0.88212   1.00371
   1.6190   0.1870   0.799   261.00    0.88754    0.89137   1.00431
   1.6190   0.1870   0.799   279.00    0.89824    0.90299   1.00529
   1.6190   0.1870   0.800   297.00    0.91057    0.91671   1.00675
   1.6190   0.1870   0.800   315.00    0.92356    0.93163   1.00874
   1.6190   0.1870   0.800   333.00    0.93517    0.94550   1.01104
   1.6190   0.1870   0.800   351.00    0.94233    0.95447   1.01288
   1.6190   0.1870   1.249    27.00    0.93411    0.94024   1.00656
   1.6190   0.1870   1.249    45.00    0.92080    0.92597   1.00561
   1.6190   0.1870   1.250    63.00    0.90623    0.91030   1.00449
   1.6190   0.1870   1.250   135.00    0.86496    0.86690   1.00224
   1.6180   0.1870   1.249   189.00    0.85807    0.85981   1.00203
   1.6190   0.1870   1.250   243.00    0.87185    0.87378   1.00222
   1.6190   0.1870   1.250   261.00    0.88109    0.88337   1.00259
   1.6190   0.1870   1.250   279.00    0.89266    0.89550   1.00319
   1.6190   0.1870   1.250   297.00    0.90623    0.90987   1.00402
   1.6190   0.1870   1.250   315.00    0.92080    0.92542   1.00502
   1.6190   0.1870   1.249   333.00    0.93411    0.93968   1.00596
   1.7700   0.2230   0.120     9.00    0.90789    0.91702   1.01005
   1.7700   0.2230   0.120    45.00    0.90328    0.91126   1.00884
   1.7710   0.2230   0.120    99.00    0.89182    0.89781   1.00672
   1.7700   0.2230   0.120   243.00    0.88863    0.89546   1.00768
   1.7710   0.2230   0.120   261.00    0.89182    0.89918   1.00826
   1.7700   0.2230   0.120   315.00    0.90328    0.91224   1.00992
   1.7700   0.2230   0.120   351.00    0.90789    0.91724   1.01030
   1.7710   0.2240   0.175     9.00    0.91411    0.92521   1.01214
   1.7710   0.2240   0.175    45.00    0.90681    0.91604   1.01017
   1.7710   0.2240   0.174    63.00    0.90101    0.90904   1.00892
   1.7710   0.2240   0.174    81.00    0.89503    0.90201   1.00780
   1.7710   0.2240   0.175    99.00    0.88947    0.89557   1.00686
   1.7710   0.2240   0.174   117.00    0.88486    0.89028   1.00612
   1.7710   0.2240   0.175   135.00    0.88129    0.88620   1.00557
   1.7700   0.2240   0.175   153.00    0.87895    0.88356   1.00524
   1.7710   0.2240   0.175   171.00    0.87786    0.88240   1.00517
   1.7700   0.2240   0.175   243.00    0.88478    0.89084   1.00686
   1.7710   0.2240   0.174   261.00    0.88950    0.89629   1.00763
   1.7710   0.2240   0.175   297.00    0.90103    0.90969   1.00961
   1.7710   0.2240   0.175   315.00    0.90681    0.91655   1.01074
   1.7710   0.2240   0.174   333.00    0.91139    0.92206   1.01170
   1.7710   0.2240   0.175   351.00    0.91411    0.92533   1.01227
   1.7710   0.2240   0.250     9.00    0.92035    0.93347   1.01426
   1.7710   0.2240   0.250    27.00    0.91662    0.92853   1.01300
   1.7710   0.2240   0.249    45.00    0.91012    0.92028   1.01117
   1.7710   0.2240   0.250    63.00    0.90238    0.91084   1.00939
   1.7700   0.2240   0.249    81.00    0.89448    0.90156   1.00791
   1.7710   0.2240   0.249    99.00    0.88740    0.89340   1.00677
   1.7710   0.2240   0.249   117.00    0.88150    0.88671   1.00592
   1.7710   0.2240   0.249   135.00    0.87705    0.88170   1.00530
   1.7710   0.2240   0.250   153.00    0.87408    0.87836   1.00490
   1.7710   0.2240   0.249   171.00    0.87271    0.87685   1.00475
   1.7710   0.2240   0.250   189.00    0.87265    0.87688   1.00485
   1.7710   0.2240   0.250   207.00    0.87408    0.87859   1.00516
   1.7710   0.2240   0.250   225.00    0.87700    0.88195   1.00564
   1.7710   0.2240   0.250   243.00    0.88146    0.88701   1.00629
   1.7710   0.2240   0.250   261.00    0.88737    0.89373   1.00716
   1.7710   0.2240   0.250   279.00    0.89451    0.90194   1.00831
   1.7700   0.2240   0.250   297.00    0.90235    0.91116   1.00977
   1.7710   0.2240   0.250   315.00    0.91015    0.92061   1.01149
   1.7710   0.2240   0.249   333.00    0.91656    0.92864   1.01318
   1.7710   0.2240   0.250   351.00    0.92035    0.93353   1.01432
   1.7710   0.2240   0.349     9.00    0.92617    0.94118   1.01620
   1.7710   0.2240   0.350    27.00    0.92126    0.93449   1.01436
   1.7710   0.2240   0.349    45.00    0.91288    0.92364   1.01179
   1.7710   0.2240   0.349    63.00    0.90313    0.91170   1.00949
   1.7710   0.2240   0.349    81.00    0.89355    0.90045   1.00773
   1.7700   0.2240   0.350    99.00    0.88498    0.89070   1.00647
   1.7710   0.2240   0.350   117.00    0.87802    0.88293   1.00559
   1.7710   0.2240   0.350   135.00    0.87277    0.87713   1.00499
   1.7710   0.2240   0.349   153.00    0.86936    0.87337   1.00462
   1.7710   0.2240   0.349   171.00    0.86767    0.87153   1.00445
   1.7710   0.2240   0.350   189.00    0.86763    0.87152   1.00449
   1.7710   0.2240   0.349   207.00    0.86936    0.87348   1.00474
   1.7700   0.2240   0.349   225.00    0.87277    0.87727   1.00515
   1.7710   0.2240   0.350   243.00    0.87802    0.88308   1.00576
   1.7710   0.2240   0.350   261.00    0.88501    0.89090   1.00666
   1.7710   0.2240   0.350   279.00    0.89353    0.90062   1.00793
   1.7710   0.2240   0.350   297.00    0.90314    0.91188   1.00968
   1.7710   0.2240   0.349   315.00    0.91288    0.92377   1.01193
   1.7710   0.2240   0.349   333.00    0.92123    0.93449   1.01440
   1.7700   0.2240   0.349   351.00    0.92615    0.94116   1.01620
   1.7710   0.2240   0.499     9.00    0.93209    0.94861   1.01772
   1.7710   0.2240   0.499    27.00    0.92565    0.93973   1.01521
   1.7710   0.2240   0.499    45.00    0.91513    0.92604   1.01193
   1.7710   0.2240   0.500    63.00    0.90325    0.91155   1.00919
   1.7700   0.2240   0.499    81.00    0.89186    0.89833   1.00725
   1.7700   0.2240   0.499    99.00    0.88198    0.88723   1.00595
   1.7710   0.2240   0.499   117.00    0.87401    0.87847   1.00511
   1.7700   0.2240   0.499   135.00    0.86799    0.87197   1.00459
   1.7710   0.2240   0.499   153.00    0.86407    0.86778   1.00430
   1.7710   0.2240   0.499   171.00    0.86211    0.86571   1.00417
   1.7710   0.2240   0.500   189.00    0.86208    0.86569   1.00418
   1.7710   0.2240   0.499   207.00    0.86407    0.86780   1.00432
   1.7700   0.2240   0.499   225.00    0.86799    0.87199   1.00461
   1.7710   0.2240   0.500   243.00    0.87398    0.87846   1.00512
   1.7710   0.2240   0.500   261.00    0.88199    0.88725   1.00596
   1.7700   0.2240   0.500   279.00    0.89185    0.89833   1.00727
   1.7710   0.2240   0.499   297.00    0.90325    0.91155   1.00919
   1.7700   0.2240   0.499   315.00    0.91511    0.92598   1.01187
   1.7710   0.2240   0.500   333.00    0.92568    0.93963   1.01508
   1.7710   0.2240   0.500   351.00    0.93212    0.94857   1.01764
   1.7710   0.2240   0.800     9.00    0.93829    0.95431   1.01707
   1.7710   0.2240   0.800    27.00    0.92981    0.94319   1.01438
   1.7710   0.2240   0.799    45.00    0.91646    0.92644   1.01089
   1.7710   0.2240   0.799    63.00    0.90198    0.90924   1.00805
   1.7710   0.2240   0.799    81.00    0.88854    0.89400   1.00614
   1.7710   0.2240   0.799    99.00    0.87712    0.88144   1.00493
   1.7710   0.2240   0.800   117.00    0.86798    0.87165   1.00422
   1.7710   0.2240   0.800   135.00    0.86120    0.86453   1.00386
   1.7710   0.2240   0.800   153.00    0.85671    0.85991   1.00373
   1.7710   0.2240   0.799   171.00    0.85449    0.85766   1.00371
   1.7710   0.2240   0.800   189.00    0.85447    0.85762   1.00369
   1.7710   0.2240   0.800   207.00    0.85671    0.85985   1.00366
   1.7710   0.2240   0.800   225.00    0.86120    0.86443   1.00375
   1.7700   0.2240   0.800   243.00    0.86795    0.87149   1.00408
   1.7710   0.2240   0.799   261.00    0.87712    0.88129   1.00476
   1.7700   0.2240   0.799   279.00    0.88852    0.89379   1.00593
   1.7700   0.2240   0.800   297.00    0.90195    0.90898   1.00779
   1.7700   0.2240   0.800   315.00    0.91645    0.92610   1.01053
   1.7710   0.2240   0.799   333.00    0.92981    0.94279   1.01396
   1.7710   0.2240   0.799   351.00    0.93828    0.95409   1.01685
   1.7710   0.2240   1.249     9.00    0.94179    0.95311   1.01202
   1.7710   0.2240   1.249    27.00    0.93153    0.94130   1.01050
   1.7710   0.2240   1.249    45.00    0.91575    0.92317   1.00810
   1.7710   0.2240   1.249    63.00    0.89911    0.90448   1.00597
   1.7710   0.2240   1.249    81.00    0.88406    0.88801   1.00446
   1.7710   0.2240   1.249    99.00    0.87150    0.87457   1.00352
   1.7710   0.2240   1.249   117.00    0.86162    0.86421   1.00301
   1.7700   0.2240   1.249   135.00    0.85431    0.85669   1.00279
   1.7710   0.2240   1.250   153.00    0.84954    0.85189   1.00276
   1.7710   0.2240   1.250   171.00    0.84716    0.84953   1.00280
   1.7710   0.2240   1.249   189.00    0.84717    0.84951   1.00276
   1.7710   0.2240   1.250   207.00    0.84954    0.85180   1.00266
   1.7710   0.2240   1.250   225.00    0.85433    0.85657   1.00262
   1.7710   0.2240   1.249   243.00    0.86162    0.86403   1.00280
   1.7700   0.2240   1.250   261.00    0.87146    0.87431   1.00326
   1.7700   0.2240   1.249   279.00    0.88404    0.88770   1.00414
   1.7710   0.2240   1.249   297.00    0.89911    0.90410   1.00555
   1.7700   0.2240   1.249   315.00    0.91575    0.92267   1.00755
   1.7710   0.2240   1.250   333.00    0.93153    0.94071   1.00985
   1.7710   0.2240   1.250   351.00    0.94180    0.95279   1.01168
   1.7710   0.2240   1.750    27.00    0.93247    0.93689   1.00474
   1.7710   0.2240   1.750    45.00    0.91442    0.91827   1.00422
   1.7710   0.2240   1.750    63.00    0.89607    0.89905   1.00332
   1.7710   0.2240   1.750    81.00    0.87996    0.88217   1.00251
   1.7700   0.2240   1.749    99.00    0.86676    0.86844   1.00194
   1.7710   0.2240   1.750   117.00    0.85654    0.85791   1.00160
   1.7710   0.2240   1.749   135.00    0.84909    0.85032   1.00145
   1.7710   0.2240   1.750   153.00    0.84421    0.84542   1.00143
   1.7710   0.2240   1.750   243.00    0.85654    0.85778   1.00145
   1.7710   0.2240   1.750   261.00    0.86678    0.86830   1.00176
   1.7710   0.2240   1.750   279.00    0.87996    0.88197   1.00228
   1.7710   0.2240   1.749   297.00    0.89608    0.89878   1.00302
   1.7710   0.2240   1.749   315.00    0.91442    0.91789   1.00380
   1.7710   0.2240   1.750   333.00    0.93247    0.93642   1.00424
   1.8780   0.2710   0.249     9.00    0.90176    0.91186   1.01120
   1.8780   0.2710   0.250    27.00    0.89876    0.90809   1.01038
   1.8780   0.2710   0.250    45.00    0.89335    0.90154   1.00917
   1.8780   0.2710   0.249    63.00    0.88669    0.89369   1.00790
   1.8780   0.2710   0.250    81.00    0.87993    0.88591   1.00679
   1.8780   0.2710   0.249    99.00    0.87376    0.87890   1.00588
   1.8780   0.2710   0.249   117.00    0.86868    0.87319   1.00519
   1.8780   0.2710   0.249   135.00    0.86492    0.86899   1.00471
   1.8780   0.2710   0.250   153.00    0.86246    0.86633   1.00449
   1.8780   0.2710   0.249   171.00    0.86138    0.86529   1.00453
   1.8780   0.2710   0.249   189.00    0.86138    0.86551   1.00479
   1.8780   0.2710   0.250   225.00    0.86486    0.86966   1.00555
   1.8780   0.2710   0.249   243.00    0.86868    0.87395   1.00607
   1.8780   0.2710   0.250   261.00    0.87374    0.87964   1.00675
   1.8780   0.2710   0.250   297.00    0.88672    0.89445   1.00872
   1.8780   0.2710   0.250   333.00    0.89876    0.90854   1.01088
   1.8780   0.2710   0.350     9.00    0.90951    0.92223   1.01398
   1.8780   0.2710   0.349    27.00    0.90506    0.91643   1.01257
   1.8780   0.2710   0.350    45.00    0.89758    0.90711   1.01061
   1.8780   0.2710   0.350    63.00    0.88864    0.89641   1.00874
   1.8780   0.2710   0.350    81.00    0.87975    0.88610   1.00723
   1.8780   0.2710   0.349    99.00    0.87182    0.87714   1.00610
   1.8780   0.2710   0.349   117.00    0.86535    0.86993   1.00529
   1.8780   0.2710   0.350   135.00    0.86052    0.86459   1.00473
   1.8780   0.2710   0.350   171.00    0.85597    0.85971   1.00436
   1.8780   0.2710   0.350   225.00    0.86052    0.86499   1.00520
   1.8780   0.2710   0.349   243.00    0.86535    0.87033   1.00575
   1.8780   0.2710   0.349   261.00    0.87182    0.87754   1.00656
   1.8770   0.2710   0.349   279.00    0.87973    0.88650   1.00770
   1.8780   0.2710   0.350   297.00    0.88864    0.89683   1.00921
   1.8780   0.2710   0.349   315.00    0.89754    0.90745   1.01103
   1.8780   0.2710   0.349   333.00    0.90506    0.91670   1.01286
   1.8780   0.2710   0.349   351.00    0.90945    0.92223   1.01406
   1.8770   0.2710   0.500     9.00    0.91788    0.93366   1.01720
   1.8780   0.2710   0.499    27.00    0.91175    0.92529   1.01485
   1.8780   0.2710   0.500    45.00    0.90169    0.91231   1.01179
   1.8780   0.2710   0.499    63.00    0.89015    0.89831   1.00916
   1.8780   0.2710   0.500    81.00    0.87907    0.88545   1.00726
   1.8780   0.2710   0.499    99.00    0.86942    0.87462   1.00599
   1.8780   0.2710   0.499   117.00    0.86164    0.86608   1.00515
   1.8780   0.2710   0.500   135.00    0.85587    0.85984   1.00464
   1.8780   0.2710   0.499   153.00    0.85218    0.85591   1.00438
   1.8770   0.2710   0.500   171.00    0.85033    0.85402   1.00433
   1.8780   0.2710   0.499   189.00    0.85039    0.85415   1.00443
   1.8780   0.2710   0.500   207.00    0.85215    0.85607   1.00460
   1.8780   0.2710   0.499   225.00    0.85590    0.86007   1.00488
   1.8780   0.2710   0.500   243.00    0.86162    0.86625   1.00537
   1.8780   0.2710   0.500   261.00    0.86941    0.87480   1.00621
   1.8780   0.2710   0.500   279.00    0.87907    0.88566   1.00750
   1.8780   0.2710   0.499   297.00    0.89015    0.89853   1.00941
   1.8780   0.2710   0.500   315.00    0.90169    0.91252   1.01201
   1.8780   0.2710   0.499   333.00    0.91175    0.92541   1.01498
   1.8780   0.2710   0.500   351.00    0.91789    0.93370   1.01722
   1.8780   0.2710   0.800     9.00    0.92870    0.94783   1.02060
   1.8780   0.2710   0.799    27.00    0.91986    0.93540   1.01689
   1.8780   0.2710   0.800    45.00    0.90601    0.91724   1.01239
   1.8780   0.2710   0.800    63.00    0.89102    0.89900   1.00896
   1.8780   0.2710   0.799    81.00    0.87721    0.88312   1.00673
   1.8780   0.2710   0.799    99.00    0.86555    0.87022   1.00539
   1.8780   0.2710   0.800   117.00    0.85630    0.86028   1.00464
   1.8780   0.2710   0.799   135.00    0.84953    0.85318   1.00430
   1.8780   0.2710   0.799   153.00    0.84509    0.84868   1.00424
   1.8780   0.2710   0.799   171.00    0.84291    0.84656   1.00433
   1.8780   0.2710   0.799   189.00    0.84291    0.84660   1.00438
   1.8780   0.2710   0.799   207.00    0.84509    0.84875   1.00433
   1.8780   0.2710   0.800   225.00    0.84951    0.85320   1.00435
   1.8780   0.2710   0.799   243.00    0.85632    0.86030   1.00465
   1.8780   0.2710   0.800   261.00    0.86554    0.87019   1.00537
   1.8780   0.2710   0.799   279.00    0.87721    0.88310   1.00671
   1.8780   0.2710   0.800   297.00    0.89102    0.89897   1.00892
   1.8780   0.2710   0.800   315.00    0.90601    0.91717   1.01232
   1.8780   0.2710   0.800   333.00    0.91988    0.93528   1.01674
   1.8780   0.2710   0.800   351.00    0.92870    0.94773   1.02049
   1.8780   0.2710   1.249     9.00    0.93714    0.95533   1.01941
   1.8780   0.2710   1.250    27.00    0.92558    0.94016   1.01575
   1.8770   0.2710   1.250    45.00    0.90816    0.91833   1.01120
   1.8780   0.2710   1.249    63.00    0.89019    0.89708   1.00774
   1.8780   0.2710   1.249    81.00    0.87421    0.87907   1.00556
   1.8780   0.2710   1.250    99.00    0.86104    0.86477   1.00433
   1.8780   0.2710   1.249   135.00    0.84331    0.84632   1.00357
   1.8780   0.2710   1.249   153.00    0.83842    0.84153   1.00371
   1.8780   0.2710   1.250   189.00    0.83599    0.83928   1.00394
   1.8780   0.2710   1.249   207.00    0.83842    0.84152   1.00370
   1.8780   0.2710   1.250   225.00    0.84330    0.84625   1.00350
   1.8780   0.2710   1.249   243.00    0.85080    0.85386   1.00361
   1.8780   0.2710   1.250   261.00    0.86104    0.86462   1.00415
   1.8770   0.2710   1.250   279.00    0.87418    0.87885   1.00534
   1.8780   0.2710   1.249   297.00    0.89019    0.89681   1.00744
   1.8780   0.2710   1.250   315.00    0.90817    0.91797   1.01079
   1.8780   0.2710   1.250   351.00    0.93716    0.95508   1.01913
   1.8780   0.2710   1.750    45.00    0.90833    0.91572   1.00814
   1.8780   0.2710   1.750    63.00    0.88833    0.89330   1.00560
   1.8780   0.2710   1.749    81.00    0.87109    0.87451   1.00392
   1.8780   0.2710   1.750    99.00    0.85717    0.85969   1.00294
   1.8780   0.2710   1.749   117.00    0.84648    0.84858   1.00248
   1.8780   0.2710   1.750   243.00    0.84647    0.84846   1.00235
   1.8780   0.2710   1.750   261.00    0.85717    0.85955   1.00277
   1.8780   0.2710   1.750   279.00    0.87109    0.87431   1.00370
   1.8780   0.2710   1.749   315.00    0.90833    0.91535   1.00773
   1.9540   0.3130   0.500     9.00    0.90462    0.91857   1.01542
   1.9540   0.3130   0.500    27.00    0.89932    0.91154   1.01359
   1.9550   0.3130   0.500    81.00    0.86971    0.87588   1.00710
   1.9550   0.3130   0.500   117.00    0.85351    0.85787   1.00510
   1.9550   0.3130   0.500   135.00    0.84824    0.85214   1.00460
   1.9540   0.3130   0.499   153.00    0.84492    0.84862   1.00438
   1.9540   0.3130   0.499   261.00    0.86073    0.86613   1.00628
   1.9540   0.3130   0.499   297.00    0.87990    0.88801   1.00922
   1.9550   0.3130   0.799     9.00    0.91778    0.93737   1.02135
   1.9540   0.3130   0.799    81.00    0.86900    0.87523   1.00716
   1.9550   0.3130   0.799    99.00    0.85768    0.86263   1.00577
   1.9550   0.3130   0.799   135.00    0.84215    0.84608   1.00467
   1.9540   0.3130   0.799   225.00    0.84213    0.84622   1.00486
   1.9540   0.3130   0.800   243.00    0.84868    0.85303   1.00513
   1.9540   0.3130   0.799   279.00    0.86900    0.87531   1.00726
   1.9540   0.3130   0.800   297.00    0.88237    0.89082   1.00958
   1.9550   0.3130   0.799   351.00    0.91778    0.93736   1.02133
   1.9540   0.3130   1.251    27.00    0.91823    0.93599   1.01935
   1.9540   0.3130   1.250    45.00    0.90109    0.91314   1.01337
   1.9540   0.3130   1.250    63.00    0.88323    0.89123   1.00906
   1.9550   0.3130   1.249    81.00    0.86730    0.87290   1.00646
   1.9550   0.3130   1.250    99.00    0.85414    0.85846   1.00505
   1.9540   0.3130   1.250   117.00    0.84390    0.84762   1.00440
   1.9550   0.3130   1.249   153.00    0.83165    0.83543   1.00454
   1.9540   0.3130   1.249   225.00    0.83647    0.84008   1.00432
   1.9540   0.3130   1.250   261.00    0.85413    0.85836   1.00495
   1.9550   0.3130   1.250   333.00    0.91822    0.93570   1.01904
   2.1070   0.2380   0.250     9.00    0.92239    0.93511   1.01379
   2.1070   0.2380   0.250    81.00    0.89934    0.90645   1.00790
   2.1070   0.2380   0.249   261.00    0.89292    0.89919   1.00702
   2.1070   0.2380   0.350     9.00    0.92693    0.94100   1.01519
   2.1070   0.2380   0.350   279.00    0.89799    0.90479   1.00758
   2.1070   0.2380   0.350   297.00    0.90656    0.91486   1.00916
   2.1070   0.2380   0.350   333.00    0.92257    0.93497   1.01344
   2.1070   0.2380   0.499     9.00    0.93078    0.94550   1.01581
   2.1070   0.2380   0.499    27.00    0.92529    0.93806   1.01381
   2.1070   0.2380   0.499    45.00    0.91623    0.92638   1.01108
   2.1070   0.2380   0.500    63.00    0.90589    0.91379   1.00873
   2.1070   0.2380   0.499    81.00    0.89588    0.90217   1.00702
   2.1070   0.2380   0.499   171.00    0.86883    0.87241   1.00412
   2.1070   0.2380   0.499   207.00    0.87066    0.87432   1.00420
   2.1070   0.2380   0.499   243.00    0.87980    0.88414   1.00493
   2.1070   0.2380   0.499   279.00    0.89588    0.90200   1.00684
   2.1070   0.2380   0.499   315.00    0.91623    0.92611   1.01078
   2.1070   0.2380   0.499   333.00    0.92529    0.93777   1.01349
   2.1070   0.2380   0.799     9.00    0.93337    0.94659   1.01416
   2.1070   0.2380   0.799    45.00    0.91566    0.92449   1.00965
   2.1070   0.2380   0.799    99.00    0.88184    0.88608   1.00481
   2.1070   0.2380   0.799   117.00    0.87367    0.87731   1.00417
   2.1070   0.2380   0.799   207.00    0.86337    0.86641   1.00351
   2.1070   0.2380   0.800   243.00    0.87365    0.87707   1.00392
   2.1070   0.2380   0.799   279.00    0.89191    0.89681   1.00550
   2.1070   0.2380   0.799   297.00    0.90348    0.90981   1.00701
   2.1070   0.2380   0.799   333.00    0.92658    0.93747   1.01175
   2.1070   0.2380   0.799   351.00    0.93337    0.94637   1.01392
   2.1070   0.2380   1.250     9.00    0.93290    0.94182   1.00955
   2.1070   0.2380   1.249    27.00    0.92533    0.93325   1.00856
   2.1070   0.2380   1.250   117.00    0.86724    0.86984   1.00300
   2.1070   0.2380   1.249   135.00    0.86064    0.86303   1.00277
   2.1070   0.2380   1.249   171.00    0.85403    0.85631   1.00267
   2.1070   0.2380   1.249   333.00    0.92533    0.93273   1.00800
   2.2360   0.2760   0.174     9.00    0.90030    0.90812   1.00869
   2.2360   0.2760   0.175    27.00    0.89865    0.90600   1.00818
   2.2360   0.2760   0.175    45.00    0.89546    0.90214   1.00746
   2.2360   0.2760   0.175    99.00    0.88325    0.88801   1.00540
   2.2360   0.2760   0.174   225.00    0.87752    0.88283   1.00606
   2.2360   0.2760   0.175   243.00    0.87993    0.88566   1.00652
   2.2360   0.2760   0.175   333.00    0.89865    0.90668   1.00893
   2.2360   0.2760   0.250     9.00    0.90785    0.91792   1.01109
   2.2350   0.2760   0.249    27.00    0.90483    0.91412   1.01026
   2.2360   0.2760   0.250    63.00    0.89354    0.90055   1.00784
   2.2360   0.2760   0.250    81.00    0.88711    0.89309   1.00674
   2.2360   0.2760   0.250    99.00    0.88121    0.88636   1.00584
   2.2360   0.2760   0.249   117.00    0.87634    0.88085   1.00515
   2.2350   0.2760   0.250   153.00    0.87014    0.87395   1.00437
   2.2360   0.2760   0.250   225.00    0.87259    0.87718   1.00526
   2.2350   0.2760   0.250   243.00    0.87627    0.88135   1.00580
   2.2360   0.2760   0.249   261.00    0.88124    0.88696   1.00650
   2.2360   0.2760   0.249   279.00    0.88711    0.89365   1.00737
   2.2360   0.2760   0.250   297.00    0.89354    0.90106   1.00841
   2.2360   0.2760   0.249   333.00    0.90486    0.91442   1.01057
   2.2350   0.2760   0.250   351.00    0.90782    0.91798   1.01119
   2.2360   0.2760   0.350     9.00    0.91451    0.92674   1.01336
   2.2350   0.2760   0.350    27.00    0.91033    0.92131   1.01206
   2.2350   0.2760   0.350    45.00    0.90324    0.91244   1.01018
   2.2360   0.2760   0.349    63.00    0.89488    0.90239   1.00839
   2.2360   0.2760   0.350    81.00    0.88653    0.89271   1.00696
   2.2360   0.2760   0.349    99.00    0.87907    0.88424   1.00589
   2.2360   0.2760   0.350   117.00    0.87288    0.87734   1.00511
   2.2350   0.2760   0.350   135.00    0.86823    0.87218   1.00456
   2.2350   0.2760   0.349   171.00    0.86375    0.86728   1.00409
   2.2360   0.2760   0.350   207.00    0.86522    0.86905   1.00443
   2.2360   0.2760   0.350   243.00    0.87288    0.87758   1.00539
   2.2360   0.2760   0.349   261.00    0.87907    0.88449   1.00616
   2.2360   0.2760   0.350   279.00    0.88653    0.89294   1.00722
   2.2360   0.2760   0.350   297.00    0.89489    0.90260   1.00863
   2.2360   0.2760   0.349   315.00    0.90324    0.91258   1.01034
   2.2360   0.2760   0.349   333.00    0.91031    0.92134   1.01212
   2.2360   0.2760   0.349   351.00    0.91446    0.92667   1.01335
   2.2360   0.2760   0.499     9.00    0.92129    0.93570   1.01563
   2.2360   0.2760   0.499    27.00    0.91561    0.92807   1.01361
   2.2360   0.2760   0.499    45.00    0.90626    0.91612   1.01088
   2.2360   0.2760   0.500    63.00    0.89563    0.90328   1.00854
   2.2360   0.2760   0.500    81.00    0.88536    0.89141   1.00683
   2.2360   0.2760   0.500    99.00    0.87636    0.88132   1.00566
   2.2360   0.2760   0.500   117.00    0.86904    0.87328   1.00487
   2.2350   0.2760   0.499   135.00    0.86357    0.86734   1.00437
   2.2360   0.2760   0.500   153.00    0.85997    0.86346   1.00406
   2.2360   0.2760   0.500   207.00    0.85997    0.86353   1.00414
   2.2360   0.2760   0.499   225.00    0.86360    0.86743   1.00444
   2.2360   0.2760   0.500   243.00    0.86904    0.87333   1.00494
   2.2360   0.2760   0.499   261.00    0.87638    0.88138   1.00571
   2.2360   0.2760   0.499   279.00    0.88537    0.89145   1.00687
   2.2360   0.2760   0.500   297.00    0.89563    0.90329   1.00855
   2.2360   0.2760   0.499   315.00    0.90626    0.91607   1.01082
   2.2350   0.2760   0.499   333.00    0.91559    0.92794   1.01348
   2.2360   0.2760   0.500   351.00    0.92133    0.93567   1.01557
   2.2360   0.2760   0.799     9.00    0.92886    0.94467   1.01702
   2.2360   0.2760   0.800    27.00    0.92104    0.93415   1.01424
   2.2360   0.2760   0.799    45.00    0.90870    0.91848   1.01076
   2.2360   0.2760   0.799    63.00    0.89529    0.90246   1.00801
   2.2360   0.2760   0.800    81.00    0.88279    0.88822   1.00616
   2.2360   0.2760   0.800    99.00    0.87208    0.87644   1.00500
   2.2360   0.2760   0.800   117.00    0.86350    0.86722   1.00431
   2.2360   0.2760   0.800   135.00    0.85712    0.86049   1.00394
   2.2360   0.2760   0.799   153.00    0.85292    0.85614   1.00378
   2.2360   0.2760   0.800   171.00    0.85080    0.85399   1.00375
   2.2350   0.2760   0.799   189.00    0.85079    0.85398   1.00374
   2.2360   0.2760   0.799   207.00    0.85292    0.85612   1.00375
   2.2360   0.2760   0.799   225.00    0.85713    0.86045   1.00386
   2.2360   0.2760   0.799   243.00    0.86352    0.86714   1.00419
   2.2360   0.2760   0.799   261.00    0.87210    0.87632   1.00485
   2.2360   0.2760   0.800   279.00    0.88279    0.88805   1.00597
   2.2360   0.2760   0.800   297.00    0.89529    0.90224   1.00776
   2.2350   0.2760   0.800   315.00    0.90869    0.91817   1.01043
   2.2360   0.2760   0.800   333.00    0.92104    0.93379   1.01385
   2.2350   0.2760   0.800   351.00    0.92888    0.94450   1.01682
   2.2350   0.2760   1.250     9.00    0.93302    0.94635   1.01429
   2.2350   0.2760   1.249    27.00    0.92353    0.93467   1.01206
   2.2360   0.2760   1.250    45.00    0.90893    0.91716   1.00905
   2.2350   0.2760   1.250    63.00    0.89339    0.89930   1.00661
   2.2360   0.2760   1.250    81.00    0.87921    0.88357   1.00496
   2.2360   0.2760   1.249    99.00    0.86726    0.87070   1.00396
   2.2360   0.2760   1.249   117.00    0.85779    0.86072   1.00342
   2.2360   0.2760   1.250   135.00    0.85076    0.85349   1.00320
   2.2360   0.2760   1.250   153.00    0.84614    0.84883   1.00319
   2.2350   0.2760   1.250   171.00    0.84380    0.84654   1.00324
   2.2360   0.2760   1.249   207.00    0.84615    0.84878   1.00311
   2.2350   0.2760   1.250   243.00    0.85775    0.86051   1.00321
   2.2350   0.2760   1.250   261.00    0.86723    0.87043   1.00369
   2.2360   0.2760   1.250   279.00    0.87921    0.88327   1.00462
   2.2360   0.2760   1.250   297.00    0.89340    0.89892   1.00618
   2.2360   0.2760   1.250   315.00    0.90893    0.91667   1.00851
   2.2360   0.2760   1.250   333.00    0.92352    0.93411   1.01147
   2.2350   0.2760   1.250   351.00    0.93302    0.94608   1.01400
   2.2350   0.2760   1.750     9.00    0.93474    0.94296   1.00879
   2.2360   0.2760   1.750    45.00    0.90809    0.91364   1.00611
   2.2350   0.2760   1.750    81.00    0.87593    0.87886   1.00335
   2.2360   0.2760   1.750    99.00    0.86328    0.86553   1.00261
   2.2360   0.2760   1.749   117.00    0.85333    0.85524   1.00223
   2.2360   0.2760   1.750   153.00    0.84123    0.84302   1.00213
   2.2360   0.2760   1.749   171.00    0.83886    0.84072   1.00221
   2.2350   0.2760   1.750   225.00    0.84599    0.84766   1.00197
   2.2350   0.2760   1.750   279.00    0.87593    0.87862   1.00307
   2.2360   0.2760   1.749   315.00    0.90810    0.91323   1.00566
   2.2360   0.2760   1.749   351.00    0.93471    0.94269   1.00854
   2.2620   0.3340   0.253     9.00    0.88311    0.88907   1.00675
   2.2620   0.3340   0.254    27.00    0.88130    0.88669   1.00612
   2.2620   0.3340   0.253    45.00    0.87778    0.88242   1.00529
   2.2610   0.3340   0.253    63.00    0.87349    0.87744   1.00452
   2.2620   0.3340   0.253    81.00    0.86908    0.87244   1.00387
   2.2610   0.3340   0.253    99.00    0.86503    0.86795   1.00338
   2.2620   0.3340   0.254   135.00    0.85934    0.86205   1.00316
   2.2620   0.3340   0.253   243.00    0.86176    0.86644   1.00543
   2.2610   0.3340   0.253   279.00    0.86907    0.87435   1.00609
   2.2620   0.3340   0.254   297.00    0.87356    0.87929   1.00656
   2.2620   0.3340   0.253   315.00    0.87778    0.88391   1.00699
   2.2610   0.3340   0.253   333.00    0.88118    0.88755   1.00724
   2.2630   0.3380   0.349     9.00    0.89055    0.89902   1.00950
   2.2630   0.3380   0.349    27.00    0.88745    0.89518   1.00871
   2.2630   0.3380   0.350    45.00    0.88206    0.88879   1.00763
   2.2630   0.3380   0.349    63.00    0.87538    0.88104   1.00648
   2.2630   0.3380   0.349    81.00    0.86860    0.87336   1.00548
   2.2630   0.3380   0.349    99.00    0.86247    0.86650   1.00467
   2.2630   0.3380   0.349   117.00    0.85746    0.86096   1.00408
   2.2630   0.3380   0.349   135.00    0.85380    0.85697   1.00372
   2.2630   0.3380   0.349   207.00    0.85150    0.85528   1.00444
   2.2630   0.3380   0.350   225.00    0.85375    0.85778   1.00471
   2.2630   0.3380   0.349   243.00    0.85746    0.86181   1.00507
   2.2630   0.3380   0.350   261.00    0.86246    0.86731   1.00562
   2.2630   0.3380   0.350   279.00    0.86861    0.87416   1.00639
   2.2630   0.3380   0.350   297.00    0.87540    0.88184   1.00736
   2.2630   0.3380   0.349   315.00    0.88201    0.88941   1.00839
   2.2630   0.3380   0.349   333.00    0.88745    0.89567   1.00927
   2.2630   0.3380   0.350   351.00    0.89063    0.89930   1.00973
   2.2630   0.3380   0.499     9.00    0.90034    0.91225   1.01323
   2.2630   0.3380   0.500    27.00    0.89566    0.90625   1.01182
   2.2630   0.3380   0.500    45.00    0.88761    0.89632   1.00981
   2.2630   0.3380   0.499    63.00    0.87813    0.88509   1.00793
   2.2630   0.3380   0.499    81.00    0.86880    0.87441   1.00646
   2.2630   0.3380   0.500    99.00    0.86053    0.86518   1.00540
   2.2630   0.3380   0.500   117.00    0.85383    0.85781   1.00466
   2.2630   0.3380   0.500   135.00    0.84891    0.85247   1.00419
   2.2630   0.3380   0.500   153.00    0.84579    0.84914   1.00397
   2.2630   0.3380   0.500   189.00    0.84431    0.84784   1.00418
   2.2630   0.3380   0.500   207.00    0.84579    0.84951   1.00440
   2.2630   0.3380   0.499   225.00    0.84894    0.85291   1.00467
   2.2630   0.3380   0.500   243.00    0.85383    0.85819   1.00510
   2.2630   0.3380   0.499   261.00    0.86054    0.86554   1.00580
   2.2630   0.3380   0.500   279.00    0.86880    0.87476   1.00687
   2.2630   0.3380   0.500   297.00    0.87814    0.88546   1.00834
   2.2630   0.3380   0.499   315.00    0.88758    0.89660   1.01017
   2.2630   0.3380   0.499   333.00    0.89561    0.90641   1.01205
   2.2630   0.3380   0.499   351.00    0.90034    0.91233   1.01331
   2.2630   0.3380   0.800     9.00    0.91362    0.93090   1.01891
   2.2630   0.3380   0.799    27.00    0.90615    0.92046   1.01579
   2.2630   0.3380   0.799    45.00    0.89416    0.90480   1.01190
   2.2630   0.3380   0.800    63.00    0.88086    0.88864   1.00883
   2.2630   0.3380   0.800    81.00    0.86834    0.87423   1.00678
   2.2630   0.3380   0.800    99.00    0.85763    0.86236   1.00551
   2.2630   0.3380   0.799   117.00    0.84912    0.85317   1.00478
   2.2630   0.3380   0.799   135.00    0.84286    0.84659   1.00442
   2.2630   0.3380   0.800   153.00    0.83881    0.84244   1.00433
   2.2630   0.3380   0.800   171.00    0.83686    0.84055   1.00441
   2.2630   0.3380   0.799   189.00    0.83688    0.84066   1.00451
   2.2630   0.3380   0.799   207.00    0.83883    0.84264   1.00454
   2.2630   0.3380   0.800   225.00    0.84285    0.84673   1.00461
   2.2630   0.3380   0.799   243.00    0.84912    0.85329   1.00491
   2.2630   0.3380   0.800   261.00    0.85763    0.86244   1.00561
   2.2630   0.3380   0.800   279.00    0.86834    0.87430   1.00686
   2.2630   0.3380   0.799   297.00    0.88085    0.88870   1.00892
   2.2630   0.3380   0.799   315.00    0.89416    0.90485   1.01196
   2.2630   0.3380   0.799   333.00    0.90615    0.92044   1.01576
   2.2630   0.3380   0.799   351.00    0.91359    0.93081   1.01885
   2.2630   0.3380   1.249     9.00    0.92533    0.94609   1.02244
   2.2630   0.3380   1.250    27.00    0.91492    0.93129   1.01789
   2.2630   0.3380   1.250    45.00    0.89896    0.91026   1.01258
   2.2630   0.3380   1.250    63.00    0.88216    0.88983   1.00870
   2.2630   0.3380   1.250    81.00    0.86700    0.87248   1.00632
   2.2630   0.3380   1.249    99.00    0.85440    0.85867   1.00500
   2.2630   0.3380   1.249   117.00    0.84452    0.84822   1.00437
   2.2630   0.3380   1.250   135.00    0.83730    0.84083   1.00422
   2.2630   0.3380   1.250   153.00    0.83261    0.83625   1.00437
   2.2630   0.3380   1.250   171.00    0.83030    0.83414   1.00462
   2.2630   0.3380   1.249   207.00    0.83262    0.83633   1.00446
   2.2630   0.3380   1.249   225.00    0.83731    0.84087   1.00425
   2.2630   0.3380   1.250   243.00    0.84452    0.84817   1.00433
   2.2630   0.3380   1.249   261.00    0.85440    0.85858   1.00490
   2.2630   0.3380   1.250   279.00    0.86700    0.87235   1.00617
   2.2630   0.3380   1.250   297.00    0.88216    0.88966   1.00850
   2.2630   0.3380   1.249   315.00    0.89895    0.91002   1.01232
   2.2630   0.3380   1.250   333.00    0.91492    0.93100   1.01757
   2.2630   0.3380   1.250   351.00    0.92535    0.94594   1.02225
   2.2630   0.3380   1.750     9.00    0.93241    0.95115   1.02010
   2.2630   0.3380   1.749    27.00    0.91981    0.93460   1.01607
   2.2630   0.3380   1.749    45.00    0.90112    0.91115   1.01113
   2.2630   0.3380   1.749    63.00    0.88209    0.88865   1.00744
   2.2630   0.3380   1.750    81.00    0.86536    0.86984   1.00518
   2.2630   0.3380   1.749    99.00    0.85171    0.85509   1.00397
   2.2630   0.3380   1.750   135.00    0.83347    0.83632   1.00342
   2.2630   0.3380   1.749   207.00    0.82849    0.83159   1.00374
   2.2630   0.3380   1.750   225.00    0.83347    0.83628   1.00338
   2.2630   0.3380   1.750   243.00    0.84114    0.84395   1.00334
   2.2630   0.3380   1.749   261.00    0.85171    0.85495   1.00381
   2.2630   0.3380   1.750   279.00    0.86536    0.86966   1.00496
   2.2630   0.3380   1.750   297.00    0.88209    0.88840   1.00715
   2.2630   0.3380   1.750   315.00    0.90113    0.91081   1.01075
   2.2630   0.3380   1.750   333.00    0.91982    0.93419   1.01562
   2.2630   0.3380   1.749   351.00    0.93240    0.95092   1.01986
   2.3460   0.4010   0.354    27.00    0.86659    0.86971   1.00359
   2.3450   0.4010   0.354    45.00    0.86337    0.86553   1.00250
   2.3460   0.4010   0.354    63.00    0.85945    0.86079   1.00157
   2.3450   0.4010   0.354    99.00    0.85197    0.85245   1.00056
   2.3460   0.4010   0.354   117.00    0.84936    0.84988   1.00062
   2.3460   0.4010   0.354   279.00    0.85546    0.85944   1.00466
   2.3450   0.4010   0.354   315.00    0.86337    0.86806   1.00543
   2.3460   0.4010   0.354   333.00    0.86659    0.87144   1.00560
   2.3520   0.4040   0.500     9.00    0.87978    0.88783   1.00915
   2.3530   0.4040   0.500    45.00    0.87062    0.87679   1.00708
   2.3520   0.4040   0.499    63.00    0.86351    0.86859   1.00588
   2.3520   0.4040   0.499    81.00    0.85637    0.86054   1.00487
   2.3520   0.4040   0.500    99.00    0.84999    0.85347   1.00409
   2.3520   0.4040   0.500   117.00    0.84489    0.84787   1.00352
   2.3520   0.4040   0.500   135.00    0.84130    0.84401   1.00322
   2.3520   0.4040   0.499   243.00    0.84491    0.84885   1.00465
   2.3530   0.4040   0.499   261.00    0.85001    0.85438   1.00513
   2.3520   0.4040   0.499   279.00    0.85637    0.86141   1.00588
   2.3520   0.4040   0.499   297.00    0.86351    0.86945   1.00688
   2.3520   0.4040   0.500   315.00    0.87061    0.87758   1.00800
   2.3520   0.4040   0.500   333.00    0.87644    0.88429   1.00896
   2.3520   0.4040   0.500   351.00    0.87978    0.88806   1.00941
   2.3520   0.4040   0.799     9.00    0.89548    0.91038   1.01664
   2.3530   0.4040   0.800    27.00    0.88975    0.90259   1.01442
   2.3520   0.4040   0.800    45.00    0.87998    0.89004   1.01143
   2.3520   0.4040   0.799    63.00    0.86865    0.87633   1.00885
   2.3520   0.4040   0.800    81.00    0.85768    0.86369   1.00701
   2.3520   0.4040   0.799    99.00    0.84813    0.85306   1.00581
   2.3520   0.4040   0.799   117.00    0.84053    0.84480   1.00508
   2.3520   0.4040   0.800   135.00    0.83503    0.83894   1.00468
   2.3520   0.4040   0.800   225.00    0.83503    0.83934   1.00516
   2.3520   0.4040   0.799   243.00    0.84053    0.84513   1.00547
   2.3520   0.4040   0.800   261.00    0.84813    0.85334   1.00614
   2.3520   0.4040   0.799   279.00    0.85768    0.86396   1.00733
   2.3520   0.4040   0.800   297.00    0.86866    0.87664   1.00918
   2.3520   0.4040   0.799   315.00    0.87996    0.89029   1.01174
   2.3520   0.4040   0.800   333.00    0.88974    0.90277   1.01464
   2.3520   0.4040   0.800   351.00    0.89552    0.91051   1.01673
   2.3520   0.4040   1.250     9.00    0.91059    0.93344   1.02510
   2.3520   0.4040   1.249    27.00    0.90193    0.92018   1.02024
   2.3520   0.4040   1.250    45.00    0.88798    0.90083   1.01447
   2.3520   0.4040   1.250    63.00    0.87261    0.88150   1.01019
   2.3520   0.4040   1.249    81.00    0.85837    0.86485   1.00756
   2.3520   0.4040   1.249    99.00    0.84636    0.85153   1.00610
   2.3520   0.4040   1.250   117.00    0.83693    0.84147   1.00542
   2.3530   0.4040   1.249   135.00    0.83011    0.83447   1.00526
   2.3520   0.4040   1.250   225.00    0.83009    0.83463   1.00547
   2.3520   0.4040   1.250   261.00    0.84636    0.85158   1.00616
   2.3520   0.4040   1.250   279.00    0.85837    0.86488   1.00758
   2.3520   0.4040   1.250   297.00    0.87261    0.88152   1.01021
   2.3520   0.4040   1.249   315.00    0.88797    0.90081   1.01447
   2.3520   0.4040   1.249   333.00    0.90193    0.92012   1.02018
   2.3520   0.4040   1.249   351.00    0.91057    0.93335   1.02502
   2.3520   0.4040   1.750     9.00    0.92058    0.94663   1.02829
   2.3520   0.4040   1.750    45.00    0.89266    0.90616   1.01513
   2.3520   0.4040   1.750    63.00    0.87466    0.88344   1.01003
   2.3520   0.4040   1.750    81.00    0.85847    0.86452   1.00704
   2.3520   0.4040   1.750    99.00    0.84509    0.84975   1.00551
   2.3520   0.4040   1.749   243.00    0.83471    0.83880   1.00491
   2.3520   0.4040   1.750   261.00    0.84509    0.84969   1.00543
   2.3530   0.4040   1.750   279.00    0.85848    0.86442   1.00692
   2.3520   0.4040   1.750   315.00    0.89266    0.90597   1.01492
   2.3520   0.4040   1.750   333.00    0.90966    0.92964   1.02197
   2.3520   0.4040   1.750   351.00    0.92058    0.94649   1.02813
   2.7340   0.3390   0.253    63.00    0.88177    0.88624   1.00507
   2.7340   0.3390   0.253    81.00    0.87751    0.88139   1.00443
   2.7340   0.3390   0.253    99.00    0.87357    0.87698   1.00391
   2.7340   0.3390   0.253   117.00    0.87029    0.87338   1.00356
   2.7340   0.3390   0.253   315.00    0.88583    0.89220   1.00719
   2.7340   0.3390   0.253   333.00    0.88906    0.89567   1.00743
   2.7340   0.3390   0.253   351.00    0.89087    0.89747   1.00741
   2.7340   0.3420   0.350     9.00    0.89780    0.90635   1.00952
   2.7340   0.3420   0.350    27.00    0.89480    0.90265   1.00878
   2.7340   0.3420   0.350    45.00    0.88955    0.89640   1.00770
   2.7340   0.3420   0.350    63.00    0.88317    0.88897   1.00657
   2.7340   0.3420   0.349    81.00    0.87666    0.88154   1.00558
   2.7340   0.3420   0.349    99.00    0.87074    0.87490   1.00478
   2.7340   0.3420   0.350   117.00    0.86581    0.86943   1.00418
   2.7340   0.3420   0.349   225.00    0.86218    0.86606   1.00450
   2.7340   0.3420   0.350   279.00    0.87665    0.88216   1.00628
   2.7340   0.3420   0.350   297.00    0.88317    0.88953   1.00720
   2.7340   0.3420   0.349   315.00    0.88951    0.89680   1.00820
   2.7340   0.3420   0.350   333.00    0.89480    0.90295   1.00911
   2.7340   0.3420   0.349   351.00    0.89773    0.90636   1.00961
   2.7340   0.3420   0.499     9.00    0.90630    0.91767   1.01254
   2.7340   0.3420   0.500    27.00    0.90176    0.91189   1.01123
   2.7340   0.3420   0.500    45.00    0.89406    0.90240   1.00933
   2.7340   0.3420   0.499    63.00    0.88507    0.89176   1.00756
   2.7340   0.3420   0.500    81.00    0.87625    0.88167   1.00619
   2.7340   0.3420   0.499    99.00    0.86843    0.87293   1.00519
   2.7340   0.3420   0.499   117.00    0.86204    0.86590   1.00448
   2.7340   0.3420   0.500   135.00    0.85725    0.86067   1.00400
   2.7340   0.3420   0.499   153.00    0.85417    0.85735   1.00372
   2.7340   0.3420   0.499   189.00    0.85266    0.85585   1.00374
   2.7340   0.3420   0.499   207.00    0.85417    0.85756   1.00397
   2.7340   0.3420   0.499   225.00    0.85727    0.86095   1.00429
   2.7340   0.3420   0.500   243.00    0.86202    0.86611   1.00475
   2.7340   0.3420   0.499   261.00    0.86843    0.87314   1.00543
   2.7340   0.3420   0.499   279.00    0.87626    0.88186   1.00640
   2.7340   0.3420   0.499   297.00    0.88507    0.89191   1.00773
   2.7340   0.3420   0.499   315.00    0.89403    0.90245   1.00942
   2.7340   0.3420   0.500   333.00    0.90176    0.91189   1.01124
   2.7340   0.3420   0.499   351.00    0.90630    0.91765   1.01252
   2.7340   0.3420   0.799     9.00    0.91682    0.93179   1.01633
   2.7340   0.3420   0.799    27.00    0.90979    0.92231   1.01376
   2.7340   0.3420   0.800    45.00    0.89864    0.90810   1.01053
   2.7340   0.3420   0.799    63.00    0.88637    0.89342   1.00795
   2.7340   0.3420   0.799    81.00    0.87484    0.88027   1.00620
   2.7340   0.3420   0.799    99.00    0.86492    0.86931   1.00508
   2.7340   0.3420   0.800   117.00    0.85692    0.86070   1.00440
   2.7340   0.3420   0.799   135.00    0.85101    0.85443   1.00402
   2.7340   0.3420   0.799   153.00    0.84713    0.85038   1.00384
   2.7340   0.3420   0.800   171.00    0.84520    0.84841   1.00380
   2.7340   0.3420   0.799   189.00    0.84522    0.84846   1.00383
   2.7340   0.3420   0.800   207.00    0.84711    0.85042   1.00391
   2.7340   0.3420   0.799   225.00    0.85101    0.85447   1.00407
   2.7340   0.3420   0.799   243.00    0.85694    0.86071   1.00440
   2.7340   0.3420   0.799   261.00    0.86492    0.86927   1.00504
   2.7340   0.3420   0.800   279.00    0.87484    0.88019   1.00611
   2.7340   0.3420   0.799   297.00    0.88637    0.89330   1.00781
   2.7340   0.3420   0.799   315.00    0.89863    0.90790   1.01031
   2.7340   0.3420   0.799   333.00    0.90979    0.92205   1.01348
   2.7340   0.3420   0.800   351.00    0.91684    0.93168   1.01618
   2.7340   0.3420   1.249     9.00    0.92422    0.94002   1.01709
   2.7340   0.3420   1.249    27.00    0.91504    0.92785   1.01401
   2.7340   0.3420   1.250    45.00    0.90101    0.91026   1.01027
   2.7340   0.3420   1.249    63.00    0.88614    0.89273   1.00743
   2.7340   0.3420   1.250    81.00    0.87253    0.87742   1.00560
   2.7340   0.3420   1.250    99.00    0.86104    0.86493   1.00451
   2.7340   0.3420   1.250   135.00    0.84515    0.84829   1.00372
   2.7340   0.3420   1.250   153.00    0.84070    0.84382   1.00371
   2.7340   0.3420   1.250   189.00    0.83850    0.84167   1.00378
   2.7340   0.3420   1.249   225.00    0.84516    0.84825   1.00365
   2.7340   0.3420   1.250   243.00    0.85191    0.85515   1.00381
   2.7340   0.3420   1.250   261.00    0.86104    0.86475   1.00431
   2.7340   0.3420   1.250   279.00    0.87253    0.87718   1.00533
   2.7340   0.3420   1.249   297.00    0.88614    0.89242   1.00708
   2.7340   0.3420   1.250   315.00    0.90101    0.90987   1.00983
   2.7340   0.3420   1.249   333.00    0.91504    0.92741   1.01353
   2.7340   0.3420   1.250   351.00    0.92423    0.93980   1.01685
   2.7340   0.3420   1.750    45.00    0.90147    0.90913   1.00849
   2.7340   0.3420   1.750    63.00    0.88512    0.89049   1.00607
   2.7340   0.3420   1.750    81.00    0.87031    0.87420   1.00446
   2.7340   0.3420   1.750    99.00    0.85792    0.86096   1.00353
   2.7340   0.3420   1.750   117.00    0.84816    0.85078   1.00309
   2.7340   0.3420   1.750   135.00    0.84097    0.84347   1.00298
   2.7340   0.3420   1.749   153.00    0.83625    0.83882   1.00307
   2.7340   0.3420   1.750   189.00    0.83391    0.83657   1.00319
   2.7340   0.3420   1.749   225.00    0.84098    0.84340   1.00288
   2.7340   0.3420   1.750   243.00    0.84816    0.85064   1.00293
   2.7340   0.3420   1.749   261.00    0.85793    0.86078   1.00332
   2.7340   0.3420   1.750   279.00    0.87031    0.87395   1.00418
   2.7340   0.3420   1.750   297.00    0.88512    0.89017   1.00571
   2.7340   0.3420   1.750   315.00    0.90147    0.90873   1.00805
   2.7340   0.3420   1.749   333.00    0.91702    0.92715   1.01104
   2.7340   0.3420   1.749   351.00    0.92723    0.93980   1.01356
   2.7550   0.4090   0.357    27.00    0.86974    0.87277   1.00349
   2.7540   0.4090   0.357    81.00    0.85937    0.86030   1.00108
   2.7540   0.4090   0.357   261.00    0.85601    0.85998   1.00464
   2.7550   0.4090   0.357   279.00    0.85939    0.86353   1.00483
   2.7550   0.4090   0.357   297.00    0.86314    0.86756   1.00512
   2.7670   0.4230   0.501     9.00    0.87838    0.88509   1.00764
   2.7670   0.4230   0.501    27.00    0.87547    0.88150   1.00689
   2.7670   0.4230   0.501    45.00    0.87037    0.87551   1.00590
   2.7670   0.4230   0.501    63.00    0.86414    0.86838   1.00491
   2.7670   0.4230   0.501    81.00    0.85778    0.86126   1.00405
   2.7670   0.4230   0.501    99.00    0.85206    0.85493   1.00338
   2.7670   0.4230   0.501   117.00    0.84743    0.84990   1.00291
   2.7670   0.4230   0.501   225.00    0.84412    0.84754   1.00405
   2.7670   0.4230   0.501   243.00    0.84743    0.85106   1.00428
   2.7670   0.4230   0.501   261.00    0.85206    0.85605   1.00468
   2.7670   0.4230   0.501   279.00    0.85778    0.86232   1.00530
   2.7670   0.4230   0.501   297.00    0.86414    0.86940   1.00610
   2.7670   0.4230   0.501   315.00    0.87037    0.87643   1.00696
   2.7670   0.4230   0.501   333.00    0.87547    0.88217   1.00765
   2.7670   0.4230   0.501   351.00    0.87838    0.88534   1.00792
   2.7680   0.4240   0.799     9.00    0.89357    0.90627   1.01420
   2.7680   0.4240   0.800    27.00    0.88829    0.89937   1.01246
   2.7680   0.4240   0.799    45.00    0.87931    0.88814   1.01004
   2.7680   0.4240   0.800    63.00    0.86892    0.87580   1.00792
   2.7680   0.4240   0.799    81.00    0.85877    0.86422   1.00635
   2.7680   0.4240   0.799    99.00    0.84989    0.85438   1.00529
   2.7680   0.4240   0.800   117.00    0.84274    0.84663   1.00461
   2.7680   0.4240   0.799   135.00    0.83756    0.84108   1.00421
   2.7680   0.4240   0.800   225.00    0.83754    0.84148   1.00470
   2.7680   0.4240   0.800   243.00    0.84274    0.84698   1.00504
   2.7680   0.4240   0.799   261.00    0.84989    0.85469   1.00565
   2.7680   0.4240   0.799   279.00    0.85877    0.86451   1.00668
   2.7680   0.4240   0.799   297.00    0.86891    0.87607   1.00823
   2.7680   0.4240   0.800   315.00    0.87933    0.88841   1.01033
   2.7690   0.4240   0.800   333.00    0.88830    0.89952   1.01262
   2.7680   0.4240   0.799   351.00    0.89357    0.90631   1.01425
   2.7680   0.4240   1.250     9.00    0.90849    0.92812   1.02161
   2.7680   0.4240   1.250    27.00    0.90028    0.91615   1.01763
   2.7680   0.4240   1.250    45.00    0.88716    0.89857   1.01286
   2.7680   0.4240   1.250    63.00    0.87276    0.88086   1.00927
   2.7680   0.4240   1.250    81.00    0.85937    0.86539   1.00701
   2.7680   0.4240   1.249    99.00    0.84800    0.85285   1.00571
   2.7680   0.4240   1.250   117.00    0.83901    0.84326   1.00506
   2.7680   0.4240   1.249   135.00    0.83245    0.83648   1.00484
   2.7680   0.4240   1.250   225.00    0.83244    0.83664   1.00504
   2.7690   0.4240   1.250   243.00    0.83902    0.84338   1.00519
   2.7680   0.4240   1.250   261.00    0.84800    0.85290   1.00578
   2.7680   0.4240   1.250   279.00    0.85937    0.86541   1.00703
   2.7680   0.4240   1.250   297.00    0.87276    0.88085   1.00926
   2.7680   0.4240   1.250   315.00    0.88716    0.89852   1.01281
   2.7680   0.4240   1.250   333.00    0.90028    0.91604   1.01751
   2.7680   0.4240   1.249   351.00    0.90847    0.92800   1.02150
   2.7680   0.4240   1.750     9.00    0.91852    0.94115   1.02463
   2.7680   0.4240   1.749    27.00    0.90808    0.92581   1.01952
   2.7680   0.4240   1.750    45.00    0.89199    0.90409   1.01357
   2.7680   0.4240   1.750    63.00    0.87495    0.88304   1.00924
   2.7680   0.4240   1.749    81.00    0.85953    0.86525   1.00666
   2.7680   0.4240   1.750    99.00    0.84669    0.85117   1.00529
   2.7680   0.4240   1.749   117.00    0.83665    0.84060   1.00472
   2.7680   0.4240   1.750   225.00    0.82933    0.83326   1.00474
   2.7680   0.4240   1.750   243.00    0.83665    0.84058   1.00471
   2.7680   0.4240   1.750   261.00    0.84669    0.85110   1.00521
   2.7680   0.4240   1.750   279.00    0.85953    0.86513   1.00652
   2.7680   0.4240   1.750   297.00    0.87495    0.88288   1.00906
   2.7680   0.4240   1.750   315.00    0.89199    0.90388   1.01333
   2.7690   0.4240   1.750   333.00    0.90809    0.92556   1.01923
   2.7680   0.4240   1.749   351.00    0.91851    0.94099   1.02448
   3.1280   0.3620   1.750     9.00    0.92076    0.93195   1.01215
   3.1280   0.3620   1.750    81.00    0.87176    0.87568   1.00449
   3.1280   0.3620   1.749    99.00    0.86054    0.86369   1.00366
   3.2460   0.4300   0.501     9.00    0.88266    0.88915   1.00735
   3.2460   0.4300   0.501    27.00    0.87991    0.88580   1.00669
   3.2460   0.4300   0.501    45.00    0.87509    0.88017   1.00580
   3.2460   0.4300   0.501    63.00    0.86920    0.87344   1.00488
   3.2460   0.4300   0.501    81.00    0.86317    0.86669   1.00408
   3.2460   0.4300   0.501    99.00    0.85769    0.86063   1.00343
   3.2460   0.4300   0.501   117.00    0.85321    0.85574   1.00296
   3.2460   0.4300   0.501   225.00    0.84992    0.85327   1.00394
   3.2460   0.4300   0.501   279.00    0.86317    0.86771   1.00527
   3.2460   0.4300   0.501   297.00    0.86920    0.87440   1.00598
   3.2460   0.4290   0.501   315.00    0.87541    0.88133   1.00676
   3.2460   0.4290   0.501   333.00    0.88027    0.88676   1.00738
   3.2460   0.4300   0.501   351.00    0.88266    0.88935   1.00758
   3.2460   0.4300   0.799     9.00    0.89705    0.90873   1.01302
   3.2450   0.4300   0.800    27.00    0.89187    0.90209   1.01147
   3.2460   0.4300   0.799    45.00    0.88320    0.89140   1.00928
   3.2460   0.4300   0.800    63.00    0.87328    0.87971   1.00736
   3.2460   0.4300   0.800    81.00    0.86362    0.86875   1.00594
   3.2460   0.4300   0.800    99.00    0.85514    0.85938   1.00497
   3.2460   0.4300   0.800   117.00    0.84828    0.85195   1.00432
   3.2460   0.4300   0.800   153.00    0.83998    0.84309   1.00370
   3.2460   0.4300   0.800   189.00    0.83842    0.84162   1.00382
   3.2460   0.4300   0.800   207.00    0.83998    0.84337   1.00404
   3.2460   0.4300   0.799   243.00    0.84830    0.85225   1.00466
   3.2460   0.4300   0.800   261.00    0.85514    0.85962   1.00525
   3.2450   0.4300   0.800   279.00    0.86360    0.86894   1.00618
   3.2450   0.4300   0.800   297.00    0.87326    0.87986   1.00755
   3.2450   0.4300   0.799   315.00    0.88319    0.89148   1.00938
   3.2460   0.4300   0.799   333.00    0.89185    0.90206   1.01145
   3.2460   0.4300   0.799   351.00    0.89705    0.90871   1.01300
   3.2460   0.4300   1.250     9.00    0.90991    0.92676   1.01852
   3.2450   0.4300   1.249    27.00    0.90191    0.91563   1.01521
   3.2460   0.4300   1.250    45.00    0.88944    0.89946   1.01126
   3.2450   0.4300   1.250    63.00    0.87590    0.88315   1.00828
   3.2450   0.4300   1.250    81.00    0.86333    0.86882   1.00636
   3.2460   0.4300   1.250    99.00    0.85264    0.85709   1.00523
   3.2460   0.4300   1.250   117.00    0.84410    0.84800   1.00461
   3.2450   0.4300   1.250   135.00    0.83780    0.84144   1.00435
   3.2460   0.4300   1.249   171.00    0.83173    0.83535   1.00434
   3.2460   0.4300   1.250   189.00    0.83172    0.83539   1.00441
   3.2450   0.4300   1.249   225.00    0.83781    0.84156   1.00448
   3.2460   0.4300   1.249   243.00    0.84411    0.84806   1.00468
   3.2460   0.4300   1.249   261.00    0.85264    0.85710   1.00523
   3.2450   0.4300   1.250   279.00    0.86333    0.86877   1.00630
   3.2460   0.4300   1.250   297.00    0.87591    0.88305   1.00816
   3.2450   0.4300   1.249   315.00    0.88942    0.89926   1.01107
   3.2460   0.4300   1.250   333.00    0.90193    0.91541   1.01494
   3.2450   0.4300   1.250   351.00    0.90991    0.92662   1.01837
   3.2460   0.4300   1.750     9.00    0.91754    0.93573   1.01983
   3.2460   0.4300   1.750    27.00    0.90775    0.92222   1.01594
   3.2450   0.4300   1.750    63.00    0.87712    0.88417   1.00804
   3.2460   0.4300   1.750    81.00    0.86282    0.86796   1.00596
   3.2460   0.4300   1.750    99.00    0.85080    0.85489   1.00482
   3.2460   0.4300   1.750   117.00    0.84130    0.84491   1.00429
   3.2450   0.4300   1.750   225.00    0.83430    0.83779   1.00418
   3.2460   0.4300   1.750   243.00    0.84130    0.84487   1.00424
   3.2460   0.4300   1.750   261.00    0.85080    0.85479   1.00470
   3.2460   0.4300   1.749   279.00    0.86282    0.86781   1.00579
   3.2460   0.4300   1.750   297.00    0.87712    0.88397   1.00780
   3.2460   0.4300   1.750   333.00    0.90775    0.92191   1.01560
   3.2900   0.4930   0.539   333.00    0.86003    0.86435   1.00502
   3.3030   0.4970   0.799     9.00    0.87682    0.88499   1.00932
   3.3030   0.4970   0.800    27.00    0.87331    0.88068   1.00843
   3.3030   0.4970   0.799    81.00    0.85223    0.85646   1.00496
   3.3030   0.4970   0.799    99.00    0.84558    0.84911   1.00418
   3.3030   0.4970   0.799   243.00    0.84023    0.84422   1.00474
   3.3030   0.4970   0.800   279.00    0.85224    0.85734   1.00599
   3.3030   0.4970   0.799   315.00    0.86712    0.87408   1.00803
   3.3030   0.4970   1.250    45.00    0.87716    0.88740   1.01167
   3.3030   0.4970   1.250    63.00    0.86546    0.87321   1.00896
   3.3030   0.4970   1.250    81.00    0.85421    0.86029   1.00712
   3.3030   0.4970   1.250    99.00    0.84445    0.84950   1.00598
   3.3030   0.4970   1.250   117.00    0.83667    0.84111   1.00531
   3.3030   0.4970   1.250   243.00    0.83667    0.84143   1.00569
   3.3030   0.4970   1.250   279.00    0.85421    0.86052   1.00739
   3.3030   0.4960   1.250   315.00    0.87735    0.88773   1.01183
   3.3030   0.4970   1.250   351.00    0.89355    0.90923   1.01755
   3.3030   0.4970   1.750    27.00    0.89725    0.91442   1.01914
   3.3030   0.4970   1.750    63.00    0.86930    0.87795   1.00994
   3.3030   0.4970   1.750    81.00    0.85564    0.86208   1.00752
   3.3030   0.4970   1.749    99.00    0.84403    0.84926   1.00620
   3.3030   0.4970   1.749   117.00    0.83485    0.83952   1.00559
   3.3030   0.4970   1.750   243.00    0.83485    0.83962   1.00571
   3.3030   0.4970   1.749   261.00    0.84403    0.84931   1.00625
   3.3030   0.4970   1.750   279.00    0.85564    0.86208   1.00753
   3.3030   0.4970   1.749   297.00    0.86930    0.87791   1.00991
   3.3030   0.4970   1.749   333.00    0.89723    0.91427   1.01899
   3.6880   0.4500   0.502     9.00    0.88265    0.88844   1.00655
   3.6880   0.4500   0.502    27.00    0.88035    0.88558   1.00595
   3.6880   0.4500   0.502    45.00    0.87627    0.88080   1.00518
   3.6880   0.4500   0.502    81.00    0.86606    0.86925   1.00368
   3.6880   0.4500   0.502   297.00    0.87124    0.87634   1.00585
   3.6880   0.4500   0.502   315.00    0.87627    0.88185   1.00637
   3.6870   0.4500   0.502   333.00    0.88033    0.88626   1.00674
   3.6880   0.4500   0.502   351.00    0.88265    0.88868   1.00683
   3.6890   0.4510   0.799     9.00    0.89640    0.90707   1.01190
   3.6890   0.4510   0.799    45.00    0.88385    0.89156   1.00872
   3.6890   0.4510   0.800    63.00    0.87481    0.88097   1.00704
   3.6890   0.4510   0.800    81.00    0.86597    0.87096   1.00576
   3.6890   0.4510   0.800    99.00    0.85818    0.86234   1.00485
   3.6880   0.4510   0.800   117.00    0.85184    0.85543   1.00422
   3.6890   0.4510   0.800   135.00    0.84717    0.85039   1.00380
   3.6890   0.4510   0.799   225.00    0.84719    0.85073   1.00418
   3.6890   0.4510   0.799   243.00    0.85187    0.85578   1.00458
   3.6890   0.4510   0.800   261.00    0.85818    0.86261   1.00516
   3.6890   0.4510   0.800   315.00    0.88387    0.89163   1.00879
   3.6890   0.4510   0.799   333.00    0.89169    0.90109   1.01054
   3.6890   0.4510   1.250    27.00    0.90063    0.91315   1.01391
   3.6890   0.4510   1.249    45.00    0.88921    0.89855   1.01051
   3.6890   0.4510   1.250    63.00    0.87681    0.88375   1.00791
   3.6880   0.4510   1.249    81.00    0.86523    0.87059   1.00620
   3.6890   0.4510   1.249    99.00    0.85532    0.85973   1.00516
   3.6890   0.4510   1.250   279.00    0.86524    0.87054   1.00612
   3.6890   0.4510   1.249   315.00    0.88921    0.89833   1.01027
   3.6890   0.4510   1.250   333.00    0.90063    0.91288   1.01360
   3.6890   0.4510   1.249   351.00    0.90790    0.92291   1.01653
   3.7690   0.5130   0.801     9.00    0.87684    0.88408   1.00825
   3.7690   0.5130   0.801    27.00    0.87367    0.88020   1.00748
   3.7690   0.5130   0.801    45.00    0.86814    0.87373   1.00644
   3.7690   0.5130   0.801    63.00    0.86145    0.86611   1.00540
   3.7690   0.5130   0.801    81.00    0.85469    0.85856   1.00452
   3.7690   0.5130   0.801    99.00    0.84863    0.85187   1.00382
   3.7700   0.5130   0.801   261.00    0.84865    0.85298   1.00510
   3.7700   0.5130   0.801   279.00    0.85471    0.85962   1.00574
   3.7690   0.5130   0.801   297.00    0.86145    0.86708   1.00653
   3.7690   0.5130   0.801   315.00    0.86814    0.87456   1.00739
   3.7690   0.5130   0.801   333.00    0.87367    0.88077   1.00813
   3.7690   0.5130   0.801   351.00    0.87684    0.88428   1.00848
   3.7710   0.5130   1.249     9.00    0.89295    0.90682   1.01553
   3.7700   0.5130   1.249    27.00    0.88715    0.89904   1.01340
   3.7700   0.5130   1.250    45.00    0.87761    0.88692   1.01061
   3.7710   0.5130   1.250    63.00    0.86672    0.87390   1.00829
   3.7710   0.5130   1.249    81.00    0.85623    0.86194   1.00667
   3.7710   0.5130   1.250    99.00    0.84710    0.85188   1.00564
   3.7700   0.5130   1.250   117.00    0.83976    0.84396   1.00500
   3.7710   0.5130   1.249   243.00    0.83978    0.84430   1.00539
   3.7710   0.5130   1.250   261.00    0.84710    0.85216   1.00597
   3.7700   0.5130   1.250   279.00    0.85622    0.86217   1.00695
   3.7710   0.5130   1.250   297.00    0.86672    0.87408   1.00850
   3.7710   0.5130   1.250   315.00    0.87762    0.88703   1.01073
   3.7700   0.5130   1.250   351.00    0.89297    0.90683   1.01551
   3.7710   0.5130   1.750     9.00    0.90410    0.92279   1.02068
   3.7700   0.5130   1.750    27.00    0.89621    0.91140   1.01694
   3.7700   0.5130   1.750    45.00    0.88370    0.89475   1.01251
   3.7700   0.5130   1.749    63.00    0.87000    0.87799   1.00918
   3.7700   0.5130   1.750    81.00    0.85722    0.86329   1.00709
   3.7700   0.5130   1.750   117.00    0.83761    0.84205   1.00531
   3.7710   0.5130   1.749   261.00    0.84631    0.85135   1.00596
   3.7700   0.5130   1.750   279.00    0.85722    0.86330   1.00709
   3.7710   0.5130   1.750   297.00    0.87001    0.87795   1.00913
   3.7710   0.5130   1.750   315.00    0.88370    0.89465   1.01239
   3.7710   0.5130   1.750   351.00    0.90410    0.92270   1.02057
   4.2350   0.5370   0.815     9.00    0.87522    0.88152   1.00720
   4.2350   0.5370   0.815    27.00    0.87255    0.87823   1.00652
   4.2350   0.5370   0.815    45.00    0.86786    0.87276   1.00565
   4.2350   0.5370   0.815    81.00    0.85632    0.85977   1.00403
   4.2350   0.5370   0.815   279.00    0.85632    0.86127   1.00578
   4.2350   0.5370   0.815   297.00    0.86214    0.86765   1.00639
   4.2350   0.5370   0.815   333.00    0.87255    0.87901   1.00741
   4.2440   0.5390   1.250     9.00    0.89024    0.90246   1.01373
   4.2440   0.5390   1.250    27.00    0.88511    0.89578   1.01205
   4.2440   0.5390   1.250    45.00    0.87660    0.88519   1.00980
   4.2440   0.5390   1.250    81.00    0.85735    0.86289   1.00646
   4.2440   0.5390   1.250    99.00    0.84905    0.85373   1.00551
   4.2440   0.5390   1.250   117.00    0.84237    0.84647   1.00487
   4.2440   0.5390   1.249   261.00    0.84906    0.85410   1.00594
   4.2440   0.5390   1.250   279.00    0.85735    0.86321   1.00683
   4.2440   0.5390   1.250   297.00    0.86682    0.87389   1.00815
   4.2440   0.5390   1.249   315.00    0.87658    0.88531   1.00996
   4.2440   0.5390   1.250   333.00    0.88511    0.89581   1.01209
   4.2440   0.5390   1.750     9.00    0.90083    0.91756   1.01857
   4.2440   0.5390   1.749    45.00    0.88234    0.89266   1.01170
   4.2440   0.5390   1.749    63.00    0.86986    0.87754   1.00883
   4.2440   0.5390   1.750    81.00    0.85812    0.86411   1.00699
   4.2440   0.5390   1.750    99.00    0.84803    0.85303   1.00590
   4.2440   0.5390   1.750   333.00    0.89370    0.90736   1.01529
   4.2440   0.5390   1.749   351.00    0.90082    0.91746   1.01847
