# Q2 xB t eps npts chi2ndf sigU stat syst sigTT stat syst sigLT stat syst
    1.1660     0.1330     0.1200     0.3396    13.0000     0.3663   159.3719    27.6812    42.4697    94.0125   110.2799     7.5974     8.2302    51.1038    13.2249
    1.1660     0.1330     0.1700     0.3396    15.0000     0.4871   144.5973    17.9651    38.9179    -4.5303    77.6744    12.5792     2.2545    27.4829     4.4909
    1.1660     0.1330     0.2500     0.3396    18.0000     0.8670   117.2255    10.3142    21.7464   -75.7565    42.5393    14.3688   -22.8056    15.3935     0.3926
    1.1660     0.1330     0.3500     0.3396    19.0000     0.9081    93.9001     8.8232    18.8737   -31.4056    37.8223    15.9090    -1.3198    13.1133     1.5550
    1.1660     0.1330     0.5000     0.3396    20.0000     1.8861    51.0692     4.3228    13.0946   -36.0775    19.2447     6.3434     1.8345     6.2117     5.8542
    1.1660     0.1330     0.8000     0.3396    20.0000     0.7853    36.2945     2.4820     6.7984   -43.1999    10.0698     8.1459     1.1145     3.1254     1.2499
    1.1660     0.1330     1.2500     0.3396    15.0000     1.5872    16.2366     1.7297     2.7706   -14.5919     6.5861     2.8550    -1.2015     2.4370     0.1229
    1.3880     0.1700     0.1200     0.4304    15.0000     0.4058   134.0430    15.5216    44.7774    15.4961    53.6357    17.7256    26.4653    20.0249    10.9263
    1.3880     0.1700     0.1700     0.4304    13.0000     0.4812   156.3213    18.1612    35.0948    -0.4476    57.6859     8.0951   -18.3629    23.6290     3.1722
    1.3880     0.1700     0.2500     0.4304    20.0000     1.4681   101.7264     8.0198    19.6796   -23.2470    25.4654    10.0074    10.6663    10.1314     5.3128
    1.3880     0.1700     0.3500     0.4304    20.0000     1.0483   104.5951     8.0343    16.2194   -81.6457    25.8304     0.3352     7.7170     9.4182     0.4835
    1.3880     0.1700     0.5000     0.4304    19.0000     1.6322    65.2881     4.5224    12.4670   -65.6387    15.2383     4.6695     4.3470     5.0314     0.3240
    1.3880     0.1700     0.8000     0.4304    20.0000     2.4947    38.9631     2.3684     6.8507   -12.2480     8.2469     5.0580     5.7900     2.8507     0.7271
    1.3880     0.1700     1.2500     0.4304    19.0000     1.5528    16.8662     1.5114     9.1275    -6.2243     5.3571    12.9382    -1.7622     1.8960     7.8148
    1.6190     0.1870     0.2500     0.3486    14.0000     0.4057   117.1173    14.6022    29.9976    11.8514    56.9993    19.4606    -6.1770    22.5564     4.1149
    1.6190     0.1870     0.3500     0.3486    14.0000     0.4903    98.3673    13.2312    18.5684   -23.0847    50.8806    27.6086   -20.8368    20.9560     1.9679
    1.6190     0.1870     0.5000     0.3486    14.0000     1.2383    70.9474     7.6416    12.5982   -23.8370    32.2060    11.9431    -5.9145    11.0585     1.2997
    1.6190     0.1870     0.8000     0.3486    19.0000     0.8831    38.4981     3.3423     6.9953   -45.4466    13.1149     0.7374    -4.4607     4.5414     0.7916
    1.6190     0.1870     1.2500     0.3486    11.0000     0.5589    18.2974     2.7198     4.1707   -16.7154    12.0988     3.7290    -1.2322     3.9175     0.7739
    1.7700     0.2230     0.1700     0.4622    15.0000     0.6703    93.2920    11.4097    28.7478    22.9799    35.0970    13.3480    17.3736    15.0489     2.3223
    1.7700     0.2230     0.2500     0.4622    20.0000     1.2424    96.4109     6.4159    20.1143   -31.4036    20.8926    10.4114    24.5958     7.4494     1.6690
    1.7700     0.2230     0.3500     0.4622    20.0000     0.7202   104.9839     6.6270    17.8000   -62.7097    20.2050     0.8290     7.9418     7.1803     1.0475
    1.7700     0.2230     0.5000     0.4622    20.0000     2.5155    77.8837     3.9663    11.0561   -26.5326    12.2764     4.6175     2.9287     4.5183     0.9503
    1.7700     0.2230     0.8000     0.4622    20.0000     1.6915    46.9481     2.2077     7.2472   -16.2403     6.7948     5.7430     2.1164     2.5034     0.2684
    1.7700     0.2230     1.2500     0.4622    20.0000     1.0907    24.4746     1.4708     4.2597   -23.6448     4.3562     0.9094     3.1298     1.5278     0.0873
    1.7700     0.2230     1.7500     0.4622    14.0000     1.1529    12.8925     1.6594     3.6387    -0.5601     5.1434     1.7639    -0.8993     2.1431     0.1227
    1.8780     0.2710     0.2500     0.5942    16.0000     1.5567   137.4967    13.8096    27.9355    62.9684    33.2827    10.4204    27.5121    15.4763     7.4282
    1.8780     0.2710     0.3500     0.5942    17.0000     1.2493   125.8909    13.3016    26.5232    -1.0636    31.7081     6.1512    19.0125    15.4691     1.4069
    1.8780     0.2710     0.5000     0.5942    20.0000     1.0332   103.9429     7.1062    24.6971   -34.6431    17.3882     0.2981     6.5797     6.7809     0.3592
    1.8780     0.2710     0.8000     0.5942    20.0000     0.4587    81.8666     4.6514    16.5398   -61.1095    10.6199     4.0148    -2.3405     4.0192     0.4053
    1.8780     0.2710     1.2500     0.5942    17.0000     1.4977    43.6481     3.3719     8.3864   -23.4567     7.9382     1.7131    -4.0622     3.4467     0.2056
    1.8780     0.2710     1.7500     0.5942     9.0000     0.1059    31.7884    10.0871     4.1347     9.4294    20.6444     4.8526   -12.9247     9.1065     0.4762
    1.9540     0.3130     0.5000     0.6736     8.0000     0.2088   247.1517    43.3740    44.2266   -74.6014    91.7645    30.8509     3.2221    41.2971     1.6324
    1.9540     0.3130     0.8000     0.6736     9.0000     0.9023   123.6220    21.5006    26.1420   -24.9788    46.1060     1.9549    -8.5707    24.2983     5.0715
    1.9540     0.3130     1.2500     0.6736    10.0000     0.3004   100.9121    18.2330    43.1046     9.5851    38.5176     9.3506     6.9424    18.6099    17.1545
    2.1070     0.2380     0.5000     0.3075    11.0000     0.2743   121.4099    21.0775    18.7869  -100.8706    82.8414    10.8513   -43.5564    30.6472     0.3588
    2.1070     0.2380     0.8000     0.3075    10.0000     0.3987    55.8469    10.5979     9.9863    -1.4417    43.6562     3.2230   -14.6183    18.9544     0.9811
    2.2360     0.2760     0.2500     0.4240    14.0000     0.4425    96.9856    11.6107    27.4125     2.1065    36.2278     2.4885    -1.0246    17.2264     6.8526
    2.2360     0.2760     0.3500     0.4240    17.0000     0.8251    80.7589     9.3421    15.1592    16.2545    31.0521     3.7500    -2.0753    13.3943     6.2067
    2.2360     0.2760     0.5000     0.4240    18.0000     1.2530    62.5419     5.2811    11.7550    -5.5739    18.9845     0.3115    -8.1113     7.3465     1.3761
    2.2360     0.2760     0.8000     0.4240    20.0000     0.6630    44.1001     2.8020     7.7235   -26.3373     9.5542     3.3423     3.5494     3.4077     1.3093
    2.2360     0.2760     1.2500     0.4240    18.0000     1.4799    24.1699     2.1159     4.7275   -18.4110     6.7482     3.0016    -1.6017     2.8775     0.2265
    2.2360     0.2760     1.7500     0.4240    11.0000     0.3450    14.7344     2.0848     4.5151   -10.4054     6.3393     0.4955    -1.3373     2.6555     1.2909
    2.2620     0.3340     0.2500     0.6141    12.0000     1.3640   142.3667    31.8800    22.5946    61.3150    52.9803    36.7575   -35.3758    35.2749    17.2730
    2.2620     0.3340     0.3500     0.6141    17.0000     1.1748   116.7750    11.6788    25.4386     6.4692    26.5648    21.1691    -7.9369    13.3118     4.9012
    2.2620     0.3340     0.5000     0.6141    19.0000     1.7883   137.7497     6.7257    19.6521   -38.5500    15.7346     1.2869    -1.8546     7.1920     1.0575
    2.2620     0.3340     0.8000     0.6141    20.0000     2.1991    88.7981     3.5826    12.0454   -50.1950     7.9824     1.0355     8.1520     3.3260     1.8872
    2.2620     0.3340     1.2500     0.6141    19.0000     1.5943    51.1911     2.6784     8.4316   -16.6739     6.2378     2.8006     3.1499     2.8150     0.5352
    2.2620     0.3340     1.7500     0.6141    16.0000     3.2311    28.4900     2.8952     7.0269    13.9053     5.1521     0.7916   -11.5117     3.1834     1.9514
    2.3460     0.4010     0.3500     0.7093     8.0000     0.5448   485.6102   161.8808   111.7778   209.7312   220.6849    21.1170  -219.2013   158.7068    68.4548
    2.3460     0.4010     0.5000     0.7093    14.0000     1.3707   215.1188    33.9900    57.1679   -48.5132    54.5788    21.4096   -38.9651    37.4939    10.7626
    2.3460     0.4010     0.8000     0.7093    16.0000     1.8756   165.4721    14.6447    35.1148     6.5661    27.6768    21.9055   -26.8383    15.1477    10.5750
    2.3460     0.4010     1.2500     0.7093    15.0000     2.0955   114.3870    12.0663    22.6974   -30.0890    21.1705    10.1684    -9.7570    12.9446     5.1715
    2.3460     0.4010     1.7500     0.7093    11.0000     0.7135    84.0061    24.6623    32.9239   -12.1178    38.6588     7.9183     1.4327    28.0207     9.0925
    2.7340     0.3390     0.3500     0.4294    13.0000     1.2890    94.2045    20.7376    18.7391    48.2517    51.0636     6.0961   -29.3947    30.3058     4.1039
    2.7340     0.3390     0.5000     0.4294    19.0000     1.3531    79.0786     6.1022    14.4639    19.5208    19.9463     0.1130    -3.9015     8.5145     2.0333
    2.7340     0.3390     0.8000     0.4294    20.0000     1.1101    58.8840     3.4022     8.6546    -8.8510    11.1554     4.4446    12.7920     4.3993     0.8268
    2.7340     0.3390     1.2500     0.4294    17.0000     2.4561    28.6485     2.4384     7.1936    -4.3804     7.5552     3.1662    -0.1568     3.2686     0.2132
    2.7340     0.3390     1.7500     0.4294    16.0000     1.7307    18.7261     2.1745     4.7844     2.6774     6.3341     2.8630    -4.9783     3.0459     0.6239
    2.7670     0.4230     0.5000     0.6241    15.0000     1.4500   164.3734    20.6638    25.3279    26.9639    36.7365    10.1875   -53.5907    23.4835     3.3955
    2.7670     0.4230     0.8000     0.6241    16.0000     2.2062   100.8588     7.4717    21.2782   -17.3409    16.9977    10.9306    12.1902     8.4539     5.2156
    2.7670     0.4230     1.2500     0.6241    16.0000     2.7277    67.7562     5.5236    16.2373   -29.9789    12.6364     1.8828     7.9616     6.4187     1.8851
    2.7670     0.4230     1.7500     0.6241    15.0000     0.6511    45.3038     6.3299     9.3724     9.2351    11.9389     3.3111    -4.3987     7.6339     2.1861
    3.2460     0.4300     0.5000     0.4842    13.0000     0.7673   108.3688    20.6527    17.7733    21.4501    43.3707     4.3838   -22.4119    27.3233     6.1926
    3.2460     0.4300     0.8000     0.4842    17.0000     1.2369    62.1668     5.3433    13.6207   -23.7709    15.1107     6.1598     9.9939     7.0543     1.2738
    3.2460     0.4300     1.2500     0.4842    18.0000     1.6235    47.1257     4.1910    10.0199    -0.5886    12.0492     4.4306    -3.6202     5.5854     2.2594
    3.2460     0.4300     1.7500     0.4842    12.0000     0.8937    30.6208     4.9455     7.4250     6.5102    12.0716     4.0861    -7.4916     7.0458     0.0573
    3.2900     0.4930     1.2500     0.5996     9.0000     1.3771    80.2552    26.6623    27.5523   -41.6178    59.9735    12.1008    19.3828    31.4963     4.0660
    3.2900     0.4930     1.7500     0.5996    10.0000     0.8160   128.5702    38.3839    27.3052    17.5367    77.8608    10.2122    -6.8734    42.2875     7.3526
    3.6880     0.4500     0.5000     0.3835     8.0000     0.4052   122.5340   267.4804   149.1148    46.8900   403.8283   199.4355   -42.6724   393.0236   189.5751
    3.6880     0.4500     0.8000     0.3835    12.0000     0.9071    68.0773    11.7358     9.5737     7.1087    48.4362    15.7331   -12.3054    18.5090     2.1777
    3.6880     0.4500     1.2500     0.3835     9.0000     1.0208    43.6250    33.7809     4.4089   -39.1572    74.1466    32.1741    -0.1588    53.7459    22.8380
    3.7690     0.5130     0.8000     0.5012    12.0000     1.8561    71.3074    42.9584     4.7859   -39.4652    77.1676    47.7043    15.3674    58.1918    29.4093
    3.7690     0.5130     1.2500     0.5012    13.0000     1.3410    56.4843    14.2964    13.2220   -30.1341    35.4742     0.8331    11.6752    20.4450     1.5265
    3.7690     0.5130     1.7500     0.5012    11.0000     0.8756    57.2017    17.5625     9.4939   -17.7119    34.9487     5.5856    -3.4675    24.1943     2.5662
    4.2350     0.5370     1.2500     0.4184    11.0000     0.8199   100.6317    30.2262    14.9986    49.5849    74.1660     7.5120   -46.9944    45.6217     1.6434
