# Q2 xB t eps npts | chi2ndf sigU stat syst sigLT stat syst sigTT stat syst  (ORIGINAL, r=1) | chi2ndf sigU stat syst sigLT stat syst sigTT stat syst  (REFITTED, new RC)
    1.1700     0.1340     0.1200     0.3396    13.0000     0.3663   159.3719    27.6812    22.3101     8.2305    51.1055    33.3236    94.0176   110.2859   134.4324     0.3666   157.5079    27.4094    22.0491     7.4458    50.6323    30.1465    92.2029   109.0947   131.8377
    1.1700     0.1340     0.1700     0.3397    15.0000     0.4871   144.5973    17.9651    16.1885     2.2539    27.4760    20.6948    -4.5284    77.6432   199.0411     0.4868   143.0515    17.7844    16.0154     1.5004    27.1998    13.7766    -4.6825    76.7591   205.8113
    1.1700     0.1340     0.2500     0.3395    18.0000     0.8670   117.2255    10.3142    10.6932   -22.8105    15.3968    10.2647   -75.7822    42.5537    30.7998     0.8673   116.1225    10.2177    10.5926   -23.1662    15.2483    10.4248   -75.2370    42.1251    30.5782
    1.1700     0.1340     0.3500     0.3395    19.0000     0.9081    93.9001     8.8232     3.5962    -1.3200    13.1144     4.2645   -31.4101    37.8278     9.5182     0.9080    93.0384     8.7423     3.5632    -1.8271    12.9883     5.9029   -31.6518    37.4941     9.5915
    1.1700     0.1340     0.5000     0.3396    20.0000     1.8861    51.0692     4.3228     5.8964     1.8344     6.2116     4.4841   -36.0764    19.2441    10.5796     1.8858    50.6717     4.2905     5.8506     1.5926     6.1608     3.8931   -36.0106    19.0938    10.5603
    1.1700     0.1340     0.8000     0.3396    20.0000     0.7853    36.2945     2.4820     1.5998     1.1145     3.1254     5.6740   -43.1986    10.0694    14.1513     0.7860    36.1036     2.4697     1.5913     1.0197     3.1078     5.1914   -43.0466    10.0145    14.1015
    1.1700     0.1340     1.2500     0.3396    15.0000     1.5872    16.2366     1.7297     1.8041    -1.2013     2.4368     3.0034   -14.5897     6.5851     5.3247     1.5872    16.2071     1.7267     1.8008    -1.2053     2.4333     3.0134   -14.5389     6.5736     5.3062
    1.3900     0.1700     0.1200     0.4311    15.0000     0.4058   134.0430    15.5216    21.6908    26.4387    20.0048    14.3294    15.4722    53.5528    27.9924     0.4056   132.7040    15.3771    21.4741    25.7293    19.8174    13.9449    15.1024    53.0263    27.3234
    1.3900     0.1700     0.1700     0.4306    13.0000     0.4812   156.3213    18.1612    21.8890   -18.3582    23.6229    29.1095    -0.4474    57.6632     8.9480     0.4814   154.8517    17.9914    21.6832   -18.7266    23.3947    29.6935    -0.4064    57.1078     8.1278
    1.3900     0.1700     0.2500     0.4311    20.0000     1.4681   101.7264     8.0198     7.8943    10.6556    10.1212     6.4336   -23.2111    25.4260    26.5559     1.4685   100.7204     7.9456     7.8162    10.0629    10.0216     6.0757   -23.4670    25.1865    26.8487
    1.3900     0.1700     0.3500     0.4308    20.0000     1.0483   104.5951     8.0343     6.2997     7.7124     9.4127     9.3361   -81.5719    25.8071    15.6830     1.0477   103.6350     7.9649     6.2419     7.1705     9.3232     8.6801   -81.4521    25.5789    15.6600
    1.3900     0.1700     0.5000     0.4300    19.0000     1.6322    65.2881     4.5224     2.6995     4.3500     5.0348     3.1360   -65.7077    15.2543    17.0656     1.6310    64.7517     4.4876     2.6773     4.0432     4.9916     2.9148   -65.5734    15.1281    17.0307
    1.3900     0.1700     0.8000     0.4296    20.0000     2.4947    38.9631     2.3684     2.5975     5.7967     2.8540     3.3560   -12.2698     8.2616     4.6398     2.4951    38.6940     2.3534     2.5796     5.5964     2.8331     3.2400   -12.4191     8.2065     4.6963
    1.3900     0.1700     1.2500     0.4304    19.0000     1.5528    16.8662     1.5114     2.0958    -1.7622     1.8961     1.1402    -6.2245     5.3572     3.0085     1.5530    16.8078     1.5066     2.0885    -1.7877     1.8899     1.1567    -6.2142     5.3379     3.0035
    1.6200     0.1870     0.2500     0.3486    14.0000     0.4057   117.1173    14.6022    11.6017    -6.1773    22.5573    13.7959    11.8521    57.0027    33.5636     0.4055   116.0596    14.4885    11.4969    -6.7255    22.3815    15.0204    11.4013    56.4980    32.2870
    1.6200     0.1870     0.3500     0.3486    14.0000     0.4903    98.3673    13.2312     8.9970   -20.8376    20.9568     6.9801   -23.0861    50.8837    51.9437     0.4907    97.5438    13.1372     8.9217   -21.1526    20.8135     7.0856   -23.4340    50.4498    52.7266
    1.6200     0.1870     0.5000     0.3486    14.0000     1.2383    70.9474     7.6416     3.5973    -5.9147    11.0589     7.1599   -23.8384    32.2079    39.3807     1.2387    70.3928     7.5918     3.5692    -6.2318    10.9846     7.5437   -23.9620    31.9380    39.5849
    1.6200     0.1870     0.8000     0.3487    19.0000     0.8831    38.4981     3.3423     1.6999    -4.4605     4.5412     2.1784   -45.4432    13.1139     9.1943     0.8823    38.2775     3.3249     1.6902    -4.5585     4.5173     2.2262   -45.3221    13.0323     9.1698
    1.6200     0.1870     1.2500     0.3487    11.0000     0.5589    18.2974     2.7198     2.1997    -1.2320     3.9171     1.6427   -16.7125    12.0967     6.0964     0.5586    18.2326     2.7113     2.1919    -1.2661     3.9042     1.6882   -16.7060    12.0544     6.0940
    1.7700     0.2240     0.1800     0.4624    15.0000     0.6703    93.2920    11.4097    11.9990    17.3681    15.0441    12.2296    22.9687    35.0800    31.0754     0.6710    92.5260    11.3240    11.9005    16.9853    14.9340    11.9601    22.6555    34.8173    30.6516
    1.7700     0.2240     0.2500     0.4624    20.0000     1.2424    96.4109     6.4159     6.7008    24.5887     7.4473     6.2758   -31.3899    20.8834    15.5903     1.2421    95.5467     6.3612     6.6407    24.0440     7.3773     6.1368   -31.4011    20.7049    15.5959
    1.7700     0.2240     0.3500     0.4624    20.0000     0.7202   104.9839     6.6270     4.0994     7.9391     7.1779     6.2894   -62.6778    20.1947    14.0790     0.7200   104.0877     6.5735     4.0644     7.4572     7.1131     5.9076   -62.6169    20.0248    14.0654
    1.7700     0.2240     0.5000     0.4626    20.0000     2.5155    77.8837     3.9663     4.1991     2.9273     4.5161     3.4500   -26.5132    12.2674    18.0582     2.5156    77.2306     3.9351     4.1639     2.5351     4.4755     2.9878   -26.7000    12.1653    18.1854
    1.7700     0.2240     0.8000     0.4625    20.0000     1.6915    46.9481     2.2077     3.2033     2.1155     2.5025     2.1155   -16.2308     6.7908     6.9112     1.6915    46.5973     2.1925     3.1793     1.8862     2.4817     1.8862   -16.3710     6.7390     6.9709
    1.7700     0.2240     1.2500     0.4625    20.0000     1.0907    24.4746     1.4708     1.7981     3.1286     1.5272     1.8772   -23.6311     4.3537     2.8357     1.0903    24.3459     1.4636     1.7887     3.0445     1.5177     1.8267   -23.6223     4.3311     2.8347
    1.7700     0.2240     1.7500     0.4624    14.0000     1.1529    12.8925     1.6594     1.4991    -0.8991     2.1425     1.7982    -0.5599     5.1414     5.0388     1.1530    12.8586     1.6554     1.4952    -0.9164     2.1376     1.8327    -0.5746     5.1277     5.1716
    1.8800     0.2710     0.2500     0.5942    16.0000     1.5567   137.4967    13.8096    27.8993    27.5129    15.4767    19.3795    62.9710    33.2841    47.1527     1.5539   136.4823    13.7052    27.6935    27.0028    15.3532    19.0202    62.4396    33.0371    46.7548
    1.8800     0.2720     0.3500     0.5942    17.0000     1.2493   125.8909    13.3016    11.4992    19.0124    15.4690    14.7874    -1.0636    31.7078    75.6126     1.2499   124.8091    13.2056    11.4004    18.4633    15.3649    14.3604    -1.5316    31.4688   108.8859
    1.8800     0.2710     0.5000     0.5942    20.0000     1.0332   103.9429     7.1062     3.6980     6.5795     6.7808     6.4782   -34.6417    17.3875    31.4098     1.0332   103.0561     7.0485     3.6664     6.1362     6.7181     6.0418   -34.7500    17.2432    31.5080
    1.8800     0.2720     0.8000     0.5942    20.0000     0.4587    81.8666     4.6514     5.0979    -2.3406     4.0193     3.0530   -61.1120    10.6204    10.6062     0.4588    81.2219     4.6170     5.0578    -2.6091     3.9825     3.4031   -60.9645    10.5319    10.5806
    1.8800     0.2720     1.2500     0.5942    17.0000     1.4977    43.6481     3.3719     5.6062    -4.0621     3.4466     4.4683   -23.4554     7.9377     7.0771     1.4983    43.3540     3.3510     5.5684    -4.1889     3.4228     4.6077   -23.4485     7.8782     7.0750
    1.9500     0.3130     1.2500     0.6736    10.0000     0.3004   100.9121    18.2330    10.3012     6.9424    18.6098    19.0161     9.5851    38.5175    35.0108     0.3007    99.9083    18.0457    10.1988     6.3684    18.4277    17.4438     8.8156    38.1662    32.2002
    2.1100     0.2380     0.5000     0.3075    11.0000     0.2743   121.4099    21.0775    10.4922   -43.5564    30.6472     8.8554  -100.8706    82.8414    16.9865     0.2747   120.5537    20.9573    10.4182   -43.7670    30.4823     8.8982  -100.0932    82.1538    16.8556
    2.1100     0.2380     0.8000     0.3075    10.0000     0.3987    55.8469    10.5979     6.6056   -14.6183    18.9544     4.1178    -1.4417    43.6562    85.8817     0.3980    55.5026    10.5482     6.5648   -14.7902    18.8689     4.1662    -1.6520    43.3809    98.4109
    2.2400     0.2760     0.2500     0.4241    14.0000     0.4425    96.9856    11.6107    10.8984    -1.0246    17.2256    20.5940     2.1063    36.2250    26.0132     0.4424    96.2967    11.5378    10.8210    -1.3066    17.1238    26.2623     1.9672    35.9723    24.2945
    2.2400     0.2760     0.3500     0.4240    17.0000     0.8251    80.7589     9.3421     5.7971    -2.0753    13.3942     4.8770    16.2544    31.0518    16.6766     0.8252    80.1469     9.2832     5.7531    -2.3717    13.3142     5.5735    15.9096    30.8271    16.3229
    2.2400     0.2760     0.5000     0.4240    18.0000     1.2530    62.5419     5.2811     7.3049    -8.1122     7.3472     5.5121    -5.5748    18.9875    26.2961     1.2522    62.0841     5.2476     7.2514    -8.3257     7.3028     5.6572    -5.6681    18.8323    26.7364
    2.2400     0.2760     0.8000     0.4240    20.0000     0.6630    44.1001     2.8020     2.3000     3.5497     3.4079     2.1924   -26.3401     9.5552     4.9519     0.6628    43.7701     2.7835     2.2828     3.3254     3.3825     2.0539   -26.4113     9.4840     4.9653
    2.2400     0.2760     1.2500     0.4241    18.0000     1.4799    24.1699     2.1159     2.3970    -1.6015     2.8771     2.4556   -18.4070     6.7468     4.5489     1.4791    24.0341     2.1059     2.3835    -1.6728     2.8636     2.5649   -18.4321     6.7070     4.5551
    2.2400     0.2760     1.7500     0.4241    11.0000     0.3450    14.7344     2.0848     2.4056    -1.3372     2.6552     2.5715   -10.4035     6.3382     6.0510     0.3450    14.6805     2.0778     2.3968    -1.3632     2.6458     2.6215   -10.3977     6.3130     6.0476
    2.2600     0.3350     0.2500     0.6059    12.0000     1.3640   142.3667    31.8800    41.1904   -35.7041    35.6022    50.1869    62.1419    53.6948    73.3395     1.3621   141.7381    31.7415    41.0085   -35.7423    35.4476    50.2406    61.7887    53.4292    72.9227
    2.2600     0.3380     0.3500     0.6151    17.0000     1.1748   116.7750    11.6788     6.9985    -7.9275    13.2960    12.2425     6.4581    26.5191    40.5649     1.1749   116.0813    11.6165     6.9569    -8.1143    13.2280    12.5309     6.3723    26.3475    40.0261
    2.2600     0.3380     0.5000     0.6151    19.0000     1.7883   137.7497     6.7257     7.6972    -1.8524     7.1835     6.2398   -38.4838    15.7076     4.2423     1.7882   136.7702     6.6821     7.6425    -2.2175     7.1379     7.4694   -38.5218    15.5966     4.2465
    2.2600     0.3380     0.8000     0.6151    20.0000     2.1991    88.7981     3.5826     3.7999     8.1423     3.3220     3.8198   -50.1087     7.9687     6.7687     2.1988    88.0488     3.5547     3.7679     7.7632     3.2904     3.6420   -50.0695     7.9005     6.7634
    2.2600     0.3380     1.2500     0.6151    19.0000     1.5943    51.1911     2.6784     5.4990     3.1461     2.8117     6.5967   -16.6452     6.2270    10.7585     1.5907    50.7411     2.6574     5.4507     2.8890     2.7886     6.0576   -16.8281     6.1677    10.8767
    2.2600     0.3380     1.7500     0.6151    16.0000     3.2311    28.4900     2.8952     4.3985   -11.4980     3.1796     6.0516    13.8814     5.1432     4.6609     3.2277    28.3060     2.8797     4.3700   -11.5311     3.1653     6.0690    13.6821     5.0952     4.5940
    2.3500     0.4040     0.5000     0.7096    14.0000     1.3707   215.1188    33.9900    19.6017   -38.9530    37.4823    29.0140   -48.4920    54.5550    40.5606     1.3701   214.0785    33.8317    19.5069   -39.1483    37.3094    29.1594   -48.1839    54.2272    40.3029
    2.3500     0.4040     0.8000     0.7096    16.0000     1.8756   165.4721    14.6447    19.3967   -26.8294    15.1427    16.1177     6.5631    27.6639    16.4581     1.8730   164.2411    14.5457    19.2524   -27.1496    15.0509    16.3100     6.3903    27.4230    16.0250
    2.3500     0.4040     1.2500     0.7096    15.0000     2.0955   114.3870    12.0663    20.3977    -9.7538    12.9404    17.9992   -30.0750    21.1607    24.2411     2.0948   113.3121    11.9768    20.2060   -10.1510    12.8553    18.7322   -30.2763    20.9525    24.4033
    2.3500     0.4040     1.7500     0.7096    11.0000     0.7135    84.0061    24.6623    55.2040     1.4323    28.0116    78.3657   -12.1123    38.6411   101.7434     0.7120    82.9576    24.4225    54.5150     1.1354    27.7746    62.1214   -12.8645    38.1689   108.0621
    2.7300     0.3430     0.3500     0.4302    13.0000     1.2890    94.2045    20.7376    14.9007   -29.3595    30.2694    16.4825    48.1627    50.9695    30.6775     1.2888    93.6488    20.6355    14.8128   -29.3806    30.1217    16.4944    47.7432    50.6636    30.4104
    2.7300     0.3430     0.5000     0.4302    19.0000     1.3531    79.0786     6.1022     3.1991    -3.8969     8.5043     7.0759    19.4848    19.9095    15.6500     1.3542    78.5301     6.0646     3.1769    -4.1616     8.4540     7.5566    19.0760    19.7782    15.3216
    2.7300     0.3430     0.8000     0.4302    20.0000     1.1101    58.8840     3.4022     2.2994    12.7767     4.3940     4.4974    -8.8346    11.1349     5.7165     1.1125    58.4012     3.3768     2.2805    12.3841     4.3583     4.3592    -9.2278    11.0535     5.9709
    2.7300     0.3430     1.2500     0.4302    17.0000     2.4561    28.6485     2.4384     2.9049    -0.1566     3.2647     0.9396    -4.3723     7.5412    10.2020     2.4555    28.4436     2.4239     2.8841    -0.2912     3.2444     1.7472    -4.5401     7.4859    10.5935
    2.7300     0.3430     1.7500     0.4302    16.0000     1.7307    18.7261     2.1745     2.7038    -4.9723     3.0423     2.4862     2.6725     6.3224    10.4762     1.7314    18.6250     2.1631     2.6892    -5.0148     3.0259     2.5074     2.5763     6.2810    10.0989
    2.7700     0.4240     0.5000     0.6230    15.0000     1.4500   164.3734    20.6638    20.9966   -53.6578    23.5129    25.3746    27.0127    36.8030    33.5400     1.4528   163.6636    20.5755    20.9059   -53.6898    23.4127    25.3898    27.0015    36.6073    33.5260
    2.7700     0.4240     0.8000     0.6245    16.0000     2.2062   100.8588     7.4717    11.4953    12.1854     8.4505    13.2840   -17.3310    16.9879    22.5706     2.2035   100.0980     7.4242    11.4086    11.7884     8.4031    12.8512   -17.4520    16.8514    22.7282
    2.7700     0.4240     1.2500     0.6245    16.0000     2.7277    67.7562     5.5236     7.3952     7.9584     6.4162     6.1451   -29.9617    12.6291    13.7743     2.7257    67.1216     5.4808     7.3260     7.6128     6.3744     5.8783   -30.0881    12.5042    13.8325
    2.7700     0.4240     1.7500     0.6245    15.0000     0.6511    45.3038     6.3299     6.9006    -4.3970     7.6309    10.2929     9.2298    11.9321    17.6571     0.6533    44.7865     6.2822     6.8218    -4.5198     7.5856    10.5804     8.6716    11.8178    16.5892
    3.2500     0.4300     0.5000     0.4839    13.0000     0.7673   108.3688    20.6527    14.7957   -22.4234    27.3373    17.6761    21.4667    43.4043    23.7050     0.7672   107.8919    20.5724    14.7306   -22.5275    27.2300    17.7581    21.3346    43.1840    23.5591
    3.2500     0.4310     0.8000     0.4843    17.0000     1.2369    62.1668     5.3433     4.6975     9.9927     7.0536     4.7924   -23.7669    15.1082    12.1384     1.2376    61.7179     5.3133     4.6636     9.7324     7.0159     4.6676   -23.8911    15.0086    12.2019
    3.2500     0.4310     1.2500     0.4844    18.0000     1.6235    47.1257     4.1910     3.9021    -3.6194     5.5842     8.6464    -0.5884    12.0454   133.6641     1.6221    46.7505     4.1640     3.8711    -3.7987     5.5513     9.0746    -0.8345    11.9430   189.5689
    3.2500     0.4310     1.7500     0.4843    12.0000     0.8937    30.6208     4.9455     3.5024    -7.4910     7.0453     4.6177     6.5094    12.0701    13.6388     0.8947    30.3681     4.9140     3.4735    -7.5650     7.0091     4.6634     6.2463    11.9772    13.0875
    3.3000     0.4970     1.7500     0.5998    10.0000     0.8160   128.5702    38.3839    34.9919    -6.8721    42.2793    19.8078    17.5317    77.8388    52.4944     0.8164   127.0948    38.0136    34.5903    -7.2309    41.9912    20.8419    16.2547    77.0251    48.6708
    3.6900     0.4510     0.8000     0.3842    12.0000     0.9071    68.0773    11.7358     5.8980   -12.2921    18.4889     5.5873     7.0966    48.3542    25.9182     0.9068    67.6678    11.6698     5.8626   -12.4474    18.3946     5.6579     7.0087    48.0212    25.5970
    3.7700     0.5130     0.8000     0.5015    12.0000     1.8561    71.3074    42.9584    10.7860    15.3622    58.1719    25.6710   -39.4449    77.1279    30.4986     1.8548    71.0506    42.7344    10.7472    14.9843    57.8655    25.0395   -39.1099    76.6754    30.2396
    3.7700     0.5140     1.2500     0.5011    13.0000     1.3410    56.4843    14.2964     7.2980    11.6775    20.4491    11.2713   -30.1431    35.4848    23.3201     1.3406    56.0444    14.1966     7.2411    11.3538    20.3159    10.9589   -30.0963    35.1767    23.2840
    3.7700     0.5130     1.7500     0.5011    11.0000     0.8756    57.2017    17.5625     9.1003    -3.4680    24.1976     8.9760   -17.7156    34.9560    16.2902     0.8754    56.6806    17.4434     9.0174    -3.6692    24.0414     9.4968   -17.9428    34.6334    16.4992
    4.2400     0.5400     1.2500     0.4189    11.0000     0.8199   100.6317    30.2262    12.6914   -46.9610    45.5893    15.6199    49.5305    74.0846    21.0377     0.8193    99.9350    30.0154    12.6035   -46.9211    45.2807    15.6066    49.0009    73.4666    20.8128
