# Q2 xB t eps npts chi2ndf sigU err sigTT err sigLT err
   1.1660    0.1330    0.1200    0.3396   13.0000    0.3666  157.5079   27.4094   92.1979  109.0887    7.4456   50.6305
   1.1660    0.1330    0.1700    0.3396   15.0000    0.4868  143.0515   17.7844   -4.6844   76.7899    1.5008   27.2067
   1.1660    0.1330    0.2500    0.3396   18.0000    0.8673  116.1225   10.2177  -75.2115   42.1108  -23.1613   15.2450
   1.1660    0.1330    0.3500    0.3396   19.0000    0.9080   93.0384    8.7423  -31.6473   37.4887   -1.8269   12.9871
   1.1660    0.1330    0.5000    0.3396   20.0000    1.8858   50.6717    4.2905  -36.0117   19.0944    1.5927    6.1610
   1.1660    0.1330    0.8000    0.3396   20.0000    0.7860   36.1036    2.4697  -43.0479   10.0149    1.0198    3.1078
   1.1660    0.1330    1.2500    0.3396   15.0000    1.5872   16.2071    1.7267  -14.5411    6.5746   -1.2055    2.4335
   1.3880    0.1700    0.1200    0.4304   15.0000    0.4056  132.7040   15.3771   15.1257   53.1083   25.7552   19.8373
   1.3880    0.1700    0.1700    0.4304   13.0000    0.4814  154.8517   17.9914   -0.4065   57.1303  -18.7314   23.4007
   1.3880    0.1700    0.2500    0.4304   20.0000    1.4685  100.7204    7.9456  -23.5033   25.2255   10.0731   10.0317
   1.3880    0.1700    0.3500    0.4304   20.0000    1.0477  103.6350    7.9649  -81.5258   25.6020    7.1747    9.3287
   1.3880    0.1700    0.5000    0.4304   19.0000    1.6310   64.7517    4.4876  -65.5046   15.1122    4.0404    4.9882
   1.3880    0.1700    0.8000    0.4304   20.0000    2.4951   38.6940    2.3534  -12.3970    8.1919    5.5900    2.8298
   1.3880    0.1700    1.2500    0.4304   19.0000    1.5530   16.8078    1.5066   -6.2140    5.3377   -1.7876    1.8899
   1.6190    0.1870    0.2500    0.3486   14.0000    0.4055  116.0596   14.4885   11.4007   56.4946   -6.7253   22.3806
   1.6190    0.1870    0.3500    0.3486   14.0000    0.4907   97.5438   13.1372  -23.4326   50.4468  -21.1518   20.8128
   1.6190    0.1870    0.5000    0.3486   14.0000    1.2387   70.3928    7.5918  -23.9606   31.9361   -6.2315   10.9842
   1.6190    0.1870    0.8000    0.3486   19.0000    0.8823   38.2775    3.3249  -45.3254   13.0332   -4.5587    4.5175
   1.6190    0.1870    1.2500    0.3486   11.0000    0.5586   18.2326    2.7113  -16.7089   12.0564   -1.2663    3.9046
   1.7700    0.2230    0.1700    0.4622   15.0000    0.6710   92.5260   11.3240   22.6665   34.8342   16.9907   14.9388
   1.7700    0.2230    0.2500    0.4622   20.0000    1.2421   95.5467    6.3612  -31.4148   20.7140   24.0509    7.3794
   1.7700    0.2230    0.3500    0.4622   20.0000    0.7200  104.0877    6.5735  -62.6488   20.0350    7.4597    7.1155
   1.7700    0.2230    0.5000    0.4622   20.0000    2.5156   77.2306    3.9351  -26.7195   12.1742    2.5363    4.4776
   1.7700    0.2230    0.8000    0.4622   20.0000    1.6915   46.5973    2.1925  -16.3806    6.7429    1.8870    2.4827
   1.7700    0.2230    1.2500    0.4622   20.0000    1.0903   24.3459    1.4636  -23.6361    4.3336    3.0457    1.5183
   1.7700    0.2230    1.7500    0.4622   14.0000    1.1530   12.8586    1.6554   -0.5749    5.1297   -0.9166    2.1382
   1.8780    0.2710    0.2500    0.5942   16.0000    1.5539  136.4823   13.7052   62.4370   33.0357   27.0021   15.3527
   1.8780    0.2710    0.3500    0.5942   17.0000    1.2499  124.8091   13.2056   -1.5317   31.4691   18.4634   15.3650
   1.8780    0.2710    0.5000    0.5942   20.0000    1.0332  103.0561    7.0485  -34.7514   17.2439    6.1364    6.7182
   1.8780    0.2710    0.8000    0.5942   20.0000    0.4588   81.2219    4.6170  -60.9620   10.5315   -2.6090    3.9824
   1.8780    0.2710    1.2500    0.5942   17.0000    1.4983   43.3540    3.3510  -23.4498    7.8787   -4.1890    3.4229
   1.8780    0.2710    1.7500    0.5942    9.0000    0.1060   31.6579   10.0483    9.3497   20.5575  -12.9459    9.0796
   1.9540    0.3130    0.5000    0.6736    8.0000    0.2090  245.1989   43.0520  -74.4014   91.0096    2.4545   40.9835
   1.9540    0.3130    0.8000    0.6736    9.0000    0.9020  122.5358   21.3151  -25.2247   45.6463   -9.0051   24.1260
   1.9540    0.3130    1.2500    0.6736   10.0000    0.3007   99.9083   18.0457    8.8157   38.1663    6.3684   18.4277
   2.1070    0.2380    0.5000    0.3075   11.0000    0.2747  120.5537   20.9573 -100.0932   82.1538  -43.7670   30.4823
   2.1070    0.2380    0.8000    0.3075   10.0000    0.3980   55.5026   10.5482   -1.6520   43.3809  -14.7902   18.8689
   2.2360    0.2760    0.2500    0.4240   14.0000    0.4424   96.2967   11.5378    1.9673   35.9751   -1.3066   17.1247
   2.2360    0.2760    0.3500    0.4240   17.0000    0.8252   80.1469    9.2832   15.9098   30.8273   -2.3717   13.3143
   2.2360    0.2760    0.5000    0.4240   18.0000    1.2522   62.0841    5.2476   -5.6672   18.8293   -8.3249    7.3020
   2.2360    0.2760    0.8000    0.4240   20.0000    0.6628   43.7701    2.7835  -26.4085    9.4831    3.3252    3.3822
   2.2360    0.2760    1.2500    0.4240   18.0000    1.4791   24.0341    2.1059  -18.4361    6.7084   -1.6730    2.8640
   2.2360    0.2760    1.7500    0.4240   11.0000    0.3450   14.6805    2.0778  -10.3996    6.3141   -1.3634    2.6461
   2.2620    0.3340    0.2500    0.6141   12.0000    1.3621  141.7381   31.7415   60.9665   52.7182  -35.4138   35.1217
   2.2620    0.3340    0.3500    0.6141   17.0000    1.1749  116.0813   11.6165    6.3833   26.3928   -8.1239   13.2437
   2.2620    0.3340    0.5000    0.6141   19.0000    1.7882  136.7702    6.6821  -38.5881   15.6234   -2.2201    7.1464
   2.2620    0.3340    0.8000    0.6141   20.0000    2.1988   88.0488    3.5547  -50.1557    7.9141    7.7724    3.2943
   2.2620    0.3340    1.2500    0.6141   19.0000    1.5907   50.7411    2.6574  -16.8571    6.1783    2.8925    2.7919
   2.2620    0.3340    1.7500    0.6141   16.0000    3.2277   28.3060    2.8797   13.7057    5.1040  -11.5448    3.1690
   2.3460    0.4010    0.3500    0.7093    8.0000    0.5456  485.0525  161.6680  209.7451  220.1589 -219.6591  158.5058
   2.3460    0.4010    0.5000    0.7093   14.0000    1.3701  214.0785   33.8317  -48.2049   54.2509  -39.1604   37.3209
   2.3460    0.4010    0.8000    0.7093   16.0000    1.8730  164.2411   14.5457    6.3933   27.4359  -27.1586   15.0558
   2.3460    0.4010    1.2500    0.7093   15.0000    2.0948  113.3121   11.9768  -30.2904   20.9623  -10.1543   12.8596
   2.3460    0.4010    1.7500    0.7093   11.0000    0.7120   82.9576   24.4225  -12.8704   38.1864    1.1357   27.7836
   2.7340    0.3390    0.3500    0.4294   13.0000    1.2888   93.6488   20.6355   47.8314   50.7572  -29.4159   30.1579
   2.7340    0.3390    0.5000    0.4294   19.0000    1.3542   78.5301    6.0646   19.1112   19.8148   -4.1666    8.4641
   2.7340    0.3390    0.8000    0.4294   20.0000    1.1125   58.4012    3.3768   -9.2449   11.0740   12.3990    4.3635
   2.7340    0.3390    1.2500    0.4294   17.0000    2.4555   28.4436    2.4239   -4.5485    7.4998   -0.2916    3.2483
   2.7340    0.3390    1.7500    0.4294   16.0000    1.7314   18.6250    2.1631    2.5810    6.2926   -5.0208    3.0296
   2.7670    0.4230    0.5000    0.6241   15.0000    1.4528  163.6636   20.5755   26.9527   36.5412  -53.6226   23.3834
   2.7670    0.4230    0.8000    0.6241   16.0000    2.2035  100.0980    7.4242  -17.4620   16.8611   11.7930    8.4064
   2.7670    0.4230    1.2500    0.6241   16.0000    2.7257   67.1216    5.4808  -30.1054   12.5114    7.6159    6.3770
   2.7670    0.4230    1.7500    0.6241   15.0000    0.6533   44.7865    6.2822    8.6766   11.8246   -4.5216    7.5886
   3.2460    0.4300    0.5000    0.4842   13.0000    0.7672  107.8919   20.5724   21.3181   43.1506  -22.5159   27.2160
   3.2460    0.4300    0.8000    0.4842   17.0000    1.2376   61.7179    5.3133  -23.8952   15.0111    9.7335    7.0167
   3.2460    0.4300    1.2500    0.4842   18.0000    1.6221   46.7505    4.1640   -0.8348   11.9468   -3.7995    5.5525
   3.2460    0.4300    1.7500    0.4842   12.0000    0.8947   30.3681    4.9140    6.2471   11.9786   -7.5656    7.0096
   3.2900    0.4930    1.2500    0.5996    9.0000    1.3769   79.4817   26.4297  -41.8122   59.3750   18.9716   31.2896
   3.2900    0.4930    1.7500    0.5996   10.0000    0.8164  127.0948   38.0136   16.2593   77.0470   -7.2323   41.9994
   3.6880    0.4500    0.5000    0.3835    8.0000    0.4058  121.9431  266.2754   46.6043  401.8454  -42.6092  391.2267
   3.6880    0.4500    0.8000    0.3835   12.0000    0.9068   67.6678   11.6698    7.0206   48.1027  -12.4609   18.4145
   3.6880    0.4500    1.2500    0.3835    9.0000    1.0205   43.3217   33.5209  -39.0911   73.4440   -0.3518   53.3298
   3.7690    0.5130    0.8000    0.5012   12.0000    1.8548   71.0506   42.7344  -39.1300   76.7149   14.9894   57.8854
   3.7690    0.5130    1.2500    0.5012   13.0000    1.3406   56.0444   14.1966  -30.0873   35.1662   11.3515   20.3118
   3.7690    0.5130    1.7500    0.5012   11.0000    0.8754   56.6806   17.4434  -17.9391   34.6262   -3.6687   24.0380
   4.2350    0.5370    1.2500    0.4184   11.0000    0.8193   99.9350   30.0154   49.0548   73.5473  -46.9545   45.3129
