# Q2bin xBbin tbin eps npts group Q2 xB t | chi2ndf sigU stat syst sigLT stat syst sigTT stat syst  (ORIGINAL, r=1) | chi2ndf sigU stat syst sigLT stat syst sigTT stat syst  (REFITTED, new RC)
    1.150000     0.132000     0.120000     0.348904    14.000000     0.000000     1.149286     0.131929     0.119786     2.680862   340.866133    40.041956    58.976838   -30.427963    68.500161   115.626261  -244.738040   112.528135   159.079726     2.686822   320.015840    37.784266    55.369309   -46.477177    64.762626   176.613274  -250.010809   107.489039   162.507026
    1.150000     0.132000     0.170000     0.349676    14.000000     0.000000     1.149286     0.132000     0.174571     0.970028   314.256432    40.079994    75.061250   -76.856850    69.457464   127.420568  -297.683902   110.281680   219.185065     0.968477   296.547088    37.811170    70.831311   -87.522924    65.656601   145.103795  -295.520798   105.261387   217.592369
    1.150000     0.132000     0.250000     0.348776    16.000000     0.000000     1.150000     0.132000     0.248250     0.992100   267.259930    18.612127    15.014603   -42.543406    32.373521    37.478715  -238.012706    55.847496    21.451789     0.987912   254.487292    17.472525    14.297039   -52.450510    30.439301    46.206402  -240.942055    53.246182    21.715808
    1.150000     0.132000     0.350000     0.348776    15.000000     0.000000     1.150000     0.132000     0.348067     0.919206   187.754734    13.128668    32.956948   -50.945477    23.261035    43.813110  -182.407892    43.817605    67.256541     0.914537   180.768814    12.508997    31.730696   -55.404005    22.194987    47.647444  -182.376498    42.279619    67.244966
    1.150000     0.132000     0.490000     0.349376    18.000000     0.000000     1.150000     0.132056     0.492500     1.897498   126.360222     4.729318    10.004768   -15.050146     8.121530     5.518387   -79.923347    19.006202     8.299732     1.875168   122.439696     4.525319     9.694354   -17.941286     7.760796     6.578472   -81.087453    18.396082     8.420620
    1.150000     0.132000     0.770000     0.352012    20.000000     0.000000     1.150000     0.132300     0.770200     1.864613    65.980991     1.996975     7.897725     3.779518     3.104931     6.365504   -40.152659     7.911336    16.141772     1.850336    64.412792     1.956153     7.710016     2.422639     3.040407     4.080234   -41.218320     7.702666    16.570179
    1.150000     0.132000     1.710000     0.351218    11.000000     0.000000     1.158182     0.133182     1.708909     1.307208    17.809319     2.003562     1.600838     4.397480     1.240777     2.045339   -21.712656     6.760112     7.886201     1.305224    17.705842     1.994928     1.591536     4.416941     1.240157     2.054391   -21.376755     6.738395     7.764199
    1.380000     0.169000     0.120000     0.431292    18.000000     1.000000     1.378889     0.168889     0.119778     1.432193   356.729802    13.191781    34.973510    18.546126    19.302653    29.283356  -191.400426    42.011144    47.098534     1.432308   340.657362    12.423629    33.397781     7.714062    18.098515    12.180097  -193.705823    40.091019    47.665831
    1.380000     0.169000     0.170000     0.431601    18.000000     1.000000     1.379444     0.169000     0.174722     1.383233   366.101476    15.146345    24.006654     2.219022    22.426849    23.299730  -247.915955    46.403655    53.196541     1.383723   349.628993    14.257063    22.926491    -8.427234    21.051390    88.485959  -249.056023    44.290844    53.441171
    1.380000     0.169000     0.250000     0.431665    16.000000     1.000000     1.379375     0.169000     0.248312     1.291379   330.836846    12.077624    15.992113    18.947698    18.453571    16.953203  -202.122275    35.545396    49.029661     1.275837   316.580559    11.422614    15.302988     7.399222    17.453595     6.620356  -207.402090    34.164374    50.310408
    1.380000     0.169000     0.350000     0.431085    16.000000     1.000000     1.380000     0.169000     0.348750     1.376095   253.871750    10.151951    12.993436    17.114625    15.107764    24.161823  -155.294962    32.197537    25.374994     1.369272   243.686744     9.656401    12.472156     8.426149    14.356722    11.895739  -160.692828    31.061391    26.256998
    1.380000     0.169000     0.490000     0.431085    18.000000     1.000000     1.380000     0.169000     0.493556     0.847356   166.260984     5.119634    12.004403   -15.506468     7.186102    12.082962  -109.802067    17.814871    18.132451     0.830074   160.737228     4.916143    11.605576   -19.760818     6.876601    15.398040  -112.887621    17.194075    18.641993
    1.380000     0.169000     0.770000     0.435746    19.000000     1.000000     1.380000     0.169632     0.772474     2.325837    83.417729     3.271865     4.100872     9.759211     4.384645    10.061043   -48.613908     9.614364     5.412683     2.276938    81.027548     3.207859     3.983369     7.713159     4.310071     7.951710   -51.186243     9.319255     5.699087
    1.380000     0.169000     1.210000     0.437529    16.000000     1.000000     1.380000     0.169875     1.208500     0.738776    39.633627     1.697296     3.803227     3.986758     1.659703     1.893710   -40.843933     4.522319     3.003230     0.737275    39.054862     1.677516     3.747689     3.518887     1.636669     1.671471   -40.965892     4.432594     3.012198
    1.380000     0.169000     1.710000     0.439233    16.000000     1.000000     1.380625     0.170187     1.710750     3.037768    15.321388     1.371811     1.502097     0.788527     0.801195     1.557583   -13.583065     4.004939     5.093649     3.032698    15.236658     1.364067     1.493790     0.753097     0.797861     1.487598   -13.501357     3.982773     5.063009
    1.610000     0.187000     0.120000     0.352580    18.000000     3.000000     1.608889     0.186333     0.119833     1.039217   276.362631    17.263692    46.060438    17.012688    28.981893    58.043289  -184.840895    65.039839    72.909464     1.036973   263.718392    16.236237    43.953065     7.594899    27.209743    25.912010  -186.453257    62.212611    73.545451
    1.610000     0.187000     0.180000     0.354799    16.000000     3.000000     1.609375     0.186688     0.174687     0.751481   345.352179    24.658033    57.058186    36.466791    42.702260   103.322575  -105.073397    83.735193    88.751316     0.747785   329.828674    23.324369    54.493433    24.550869    40.397820    69.560795  -110.472723    80.190296    93.311911
    1.610000     0.187000     0.250000     0.352929    16.000000     3.000000     1.609375     0.186438     0.248250     1.517662   276.116446    14.950082     7.002953     0.084449    26.205124     0.000000  -175.750675    53.794596    42.139051     1.494063   264.869263    14.163162     6.717699    -9.133317    24.840133     0.000000  -179.087006    51.713205    42.938990
    1.610000     0.187000     0.350000     0.355645    16.000000     3.000000     1.610000     0.186875     0.348562     1.683186   223.472044    12.013425    11.023285   -13.633358    20.594577    10.711924  -144.713816    46.118058    46.551298     1.675684   215.086033    11.441491    10.609625   -20.757135    19.610285    16.309178  -148.785577    44.532937    47.861095
    1.610000     0.187000     0.490000     0.356575    16.000000     3.000000     1.610000     0.187000     0.493812     0.544227   159.965720     6.327454    11.011408    20.418687    10.525215    11.230278   -58.017884    25.319779    19.005858     0.537126   154.491520     6.071877    10.634585    15.003576    10.087664     8.251967   -62.904451    24.575825    20.606630
    1.610000     0.187000     0.780000     0.356203    20.000000     3.000000     1.610000     0.186950     0.774200     1.343550    82.453933     3.188015     7.104647     5.765613     4.869516    19.561903   -30.562210    12.530813    27.505989     1.296500    80.255806     3.111623     6.915245     3.691432     4.754398    12.524501   -33.196967    12.161646    29.877270
    1.610000     0.187000     1.210000     0.356575    16.000000     3.000000     1.610000     0.187000     1.210875     2.167059    34.451054     2.310625     2.995744     0.103775     3.352550     1.764168   -24.900539     6.424592     6.600143     2.170954    33.947691     2.290168     2.951973    -0.338770     3.321110     5.759089   -25.391473     6.318996     6.730270
    1.610000     0.187000     1.710000     0.358598    11.000000     3.000000     1.610000     0.187273     1.713182     0.798746    15.982253     1.942986     1.598225     2.295543     1.773601     2.195737   -12.193013     6.247919     4.597365     0.797669    15.868063     1.929997     1.586806     2.211161     1.765061     2.115024   -12.170681     6.193610     4.588945
    1.750000     0.224000     0.250000     0.475402    20.000000     4.000000     1.744500     0.223050     0.248550     2.314693   316.666727     6.662849     9.199033    14.847361     8.480690    18.932876  -231.523201    20.435530    43.909573     2.357432   305.176680     6.406973     8.865252     6.305598     8.121353     8.040695  -236.406656    19.640590    44.835745
    1.750000     0.224000     0.120000     0.475146    20.000000     4.000000     1.744500     0.223000     0.120000     1.052530   293.330596     7.820234    24.002504    16.238334     9.734752    12.028395   -71.946896    23.312974    12.990412     1.056177   284.638182     7.584079    23.291225    11.736981     9.426700     8.694060   -73.187915    22.642199    13.214485
    1.750000     0.224000     0.170000     0.476159    20.000000     4.000000     1.743000     0.223000     0.174850     1.340082   339.298447     8.911882    25.999881    34.947785    10.793647     8.287618  -242.427704    27.676510    25.938767     1.336385   329.242759     8.644133    25.229330    29.756188    10.443444     7.056467  -239.674276    26.872685    25.644161
    1.750000     0.224000     0.350000     0.475093    18.000000     4.000000     1.745000     0.223056     0.349111     1.512461   260.484280     6.993796    12.999216    32.141356     9.160628     5.006442  -182.591411    22.169841    19.955345     1.536116   250.601647     6.711714    12.506032    23.682556     8.754131     3.688872  -189.004812    21.345673    20.656264
    1.750000     0.224000     0.490000     0.476412    18.000000     4.000000     1.743889     0.223167     0.495333     1.549107   184.408590     4.952503     8.600401     3.653674     6.321870     3.755165  -116.430986    15.032619    20.074308     1.552000   178.080899     4.797408     8.305291    -1.552996     6.109216     1.596135  -121.644338    14.488001    20.973162
    1.750000     0.224000     0.780000     0.478505    18.000000     4.000000     1.746667     0.223944     0.776778     1.568845   102.281408     2.364460     5.404301     9.152354     3.118214     4.974105   -60.838024     7.311807    11.968136     1.615395    99.354453     2.311985     5.249648     6.168333     3.013756     3.352355   -64.525412     7.061439    12.693524
    1.750000     0.224000     1.220000     0.476549    20.000000     4.000000     1.750000     0.224000     1.214800     0.919423    44.539267     1.361242     3.002647     6.332940     1.298399     2.211503   -21.249584     4.102601     6.014033     0.927416    43.743218     1.341777     2.948981     5.324133     1.261367     1.859221   -22.828650     3.987626     6.460939
    1.750000     0.224000     1.720000     0.477620    19.000000     4.000000     1.750000     0.224211     1.714895     3.170856    18.941370     0.995397     4.386423     2.259992     0.853767     3.228560   -12.308791     2.964097     5.403860     3.182897    18.772136     0.988489     4.347231     2.100923     0.846228     3.001318   -12.507731     2.940542     5.491199
    1.870000     0.271000     0.120000     0.593357    13.000000     5.000000     1.870000     0.269538     0.121077     0.414750   341.975556    73.586075   107.992281     1.489387    86.059154   107.235890  -151.130653   103.536257   101.761306     0.414166   336.780284    72.417525   106.351669    -0.862452    84.668835    62.096513  -148.829968   101.595058   100.212178
    1.870000     0.271000     0.180000     0.597613    14.000000     5.000000     1.870000     0.270857     0.174857     0.339518   436.852221    54.008213    89.969565     7.423706    64.378574    78.479181    15.634089    91.821056   163.180808     0.335735   428.946528    53.143739    88.341390     5.428120    63.359165    57.382984    12.948379    90.099131   135.148705
    1.870000     0.271000     0.250000     0.597002    18.000000     5.000000     1.870000     0.270667     0.248889     1.426191   411.988233    19.276611    31.999086    19.465766    21.162282    19.465766  -233.081083    34.249490    39.013572     1.425360   401.975596    18.990985    31.221405    14.420300    20.856824    14.420300  -232.217376    33.438176    38.869003
    1.870000     0.271000     0.350000     0.597536    18.000000     5.000000     1.870000     0.270833     0.349056     1.879671   373.979993    13.700056    25.998609    27.336587    12.829591    20.249323  -294.040598    27.955079    41.145613     1.879863   363.823551    13.436532    25.292546    21.030251    12.523362    15.577964  -294.776729    27.050222    41.248621
    1.870000     0.271000     0.490000     0.598070    18.000000     5.000000     1.870000     0.271000     0.496556     1.304603   259.553421     7.332010    13.002676    25.094133     7.218742     6.098574  -167.198477    18.858573    14.016639     1.349181   252.026068     7.159913    12.625583    18.205636     6.872554     4.424477  -173.951404    18.022774    14.582752
    1.870000     0.271000     0.780000     0.598070    18.000000     5.000000     1.870000     0.271000     0.780111     1.390833   151.842057     4.082461     7.802161     6.332752     4.240918     5.640107   -59.319188    12.047433     4.624886     1.428813   147.789177     3.990337     7.593910     2.058655     4.022908     1.833490   -65.446850    11.552728     5.102636
    1.870000     0.271000     1.220000     0.599822    20.000000     5.000000     1.870000     0.271550     1.216700     1.299767    77.614895     2.978235     5.493976    -5.663862     2.321955     2.782248   -36.244726     7.370968     5.576112     1.383963    76.096910     2.927702     5.386525    -7.424927     2.226638     3.647332   -39.908264     7.070630     6.139733
    1.870000     0.271000     1.720000     0.601331    18.000000     5.000000     1.870556     0.272111     1.719000     0.837129    39.226955     2.094922     3.502407    -7.000462     1.894493     1.900125   -22.919116     4.612190     3.803172     0.838206    38.764074     2.077493     3.461078    -7.292175     1.873381     1.979305   -23.251348     4.552748     3.858302
    1.950000     0.313000     0.350000     0.674325    13.000000     6.000000     1.951538     0.312846     0.349154     0.699857   470.609426    44.431380    82.106325   -12.688361    33.697134    17.568500  -184.697617    77.052477    58.538043     0.701131   460.568844    43.639305    80.354564   -16.967194    33.190431    23.493038  -184.683884    74.884776    58.533690
    1.950000     0.313000     0.490000     0.674490    15.000000     6.000000     1.952000     0.313000     0.495600     1.273163   339.093714    23.119040    21.005805    21.106600    15.227395    34.172590  -141.141811    50.079333    43.350699     1.282253   330.951649    22.596906    20.501430    15.119746    14.773473    24.479589  -147.286380    48.278261    45.237959
    1.950000     0.313000     0.780000     0.675233    15.000000     6.000000     1.950000     0.313000     0.782933     1.173080   201.706422    12.173161    12.981106   -11.218589     9.437243     5.861965   -67.085602    30.677572    23.029386     1.184516   196.649499    11.912077    12.655661   -15.109883     9.055779     7.895254   -72.722531    29.651603    24.964451
    1.950000     0.313000     1.220000     0.674781    15.000000     6.000000     1.952000     0.313133     1.219533     1.646069   129.377617     9.631346    16.997059   -24.820344     8.304912     6.705496   -39.535451    22.431876    21.288320     1.622159   126.472546     9.462414    16.615404   -26.364949     8.075224     7.122789   -41.980283    21.800603    22.604768
    2.100000     0.238000     0.120000     0.313470    13.000000     7.000000     2.099231     0.238077     0.119923     0.405919   258.185279    32.831400    81.058169    80.302834    51.908284   110.797581   183.065916   128.631944   222.951786     0.401978   248.436589    31.437232    77.997534    71.953493    49.689593    99.277605   172.093638   123.814971   209.588900
    2.100000     0.238000     0.350000     0.312900    16.000000     7.000000     2.099375     0.238000     0.349312     1.868297   218.554519    17.792624     8.083523    96.352061    31.899513    10.142322    92.947773    73.239508    46.984588     1.876153   209.756071    16.990203     7.758101    85.536970    30.442600     9.003892    79.556932    70.744259    40.215592
    2.100000     0.238000     0.490000     0.312458    16.000000     7.000000     2.100000     0.238000     0.495563     1.498533   132.483682     8.857733    12.998399   -54.020440    14.833974     9.173282  -109.080413    42.554287    29.088110     1.499499   128.637559     8.550544    12.621044   -56.671894    14.282028     9.623529  -110.813776    41.350793    29.550340
    2.100000     0.238000     0.780000     0.314193    14.000000     7.000000     2.100000     0.238286     0.777929     1.064564    92.646823     8.936693     9.204652    -8.051957    12.734633    12.077936    21.292392    35.583757    32.445550     1.044714    89.924551     8.720334     8.934189    -9.798839    12.546753    14.698258    16.068747    34.557739    24.485709
    2.100000     0.238000     1.210000     0.317412    11.000000     7.000000     2.100000     0.238818     1.215818     0.855353    40.219154    21.130937    16.087662    -6.524451    35.367179    33.709663   -23.443793    43.972472    27.520975     0.857276    38.988495    20.736572    15.595398    -6.113921    34.720511    31.588590   -25.563531    42.901435    30.009363
    2.100000     0.238000     0.170000     0.312325    15.000000     7.000000     2.101333     0.238133     0.174667     1.567433   228.255498    29.375804   148.165850   -14.631436    51.175177   298.256200    -7.932828   128.284307   303.713978     1.559083   220.524331    28.153382   143.147373   -19.151863    48.961901   390.403366    -9.439854   124.025833   361.411552
    2.100000     0.238000     0.250000     0.311985    15.000000     7.000000     2.100667     0.238000     0.249000     1.438118   240.041207    20.258124    24.004121    57.749474    36.585499    30.394460    47.432999    84.453089   106.976551     1.420845   231.109148    19.327578    23.110915    48.817238    34.870394    25.693283    39.533150    81.419696    89.159869
    2.210000     0.276000     0.120000     0.432444    16.000000     8.000000     2.208750     0.274438     0.121938     1.050268   240.631739    25.173563    10.983191   -44.571734    35.743394     9.116946    28.789562    58.254517    16.876640     1.053153   235.661983    24.751355    10.756356   -45.316150    35.145973     9.269212    27.191742    57.040928    15.939986
    2.210000     0.276000     0.170000     0.439626    20.000000     8.000000     2.208500     0.276050     0.175050     1.330221   257.092611    12.370569    18.006486    -5.736946    16.581481    12.430049   -12.663692    37.447630    39.939336     1.328525   251.802213    12.142366    17.635953    -7.572806    16.269046    16.407746   -13.075357    36.666192    41.237666
    2.210000     0.276000     0.250000     0.438568    20.000000     8.000000     2.210000     0.276000     0.248550     1.131088   268.798742     9.791024    18.999911    -6.328047    13.449508    21.093491   -53.373968    28.869802    29.652204     1.128165   261.318981     9.574172    18.471208   -11.120197    13.162786    37.067322   -57.224745    28.042212    31.791525
    2.210000     0.276000     0.350000     0.438568    18.000000     8.000000     2.210000     0.276000     0.349222     0.599281   241.850735    10.840507    10.993215    31.684833    14.392385    11.881812  -102.249432    33.554504    22.053799     0.610384   233.641664    10.549024    10.620076    25.168310    14.062811     9.438116  -109.770020    32.432684    23.675887
    2.210000     0.276000     0.490000     0.439050    18.000000     8.000000     2.210000     0.276111     0.496000     0.968445   193.487598     7.081832    16.998910    41.258502     9.411803    20.077130   -57.010544    22.051458    47.848135     0.968142   186.790981     6.892678    16.410577    34.929407     9.154174    16.997278   -65.211743    21.343063    54.731284
    2.210000     0.276000     0.780000     0.441926    18.000000     8.000000     2.210000     0.276778     0.779667     1.681578   101.490150     2.973660     6.605868     7.393707     4.285275     7.089856   -68.890360    10.269537     9.984110     1.675156    98.712043     2.909435     6.425044     4.443919     4.135012     4.261292   -72.379588     9.910983    10.489795
    2.210000     0.276000     1.220000     0.442654    19.000000     8.000000     2.210000     0.276947     1.218421     0.546516    50.009318     2.010475     3.300615     5.780787     2.327496     3.887081   -22.480314     6.931807     2.397900     0.516868    48.994047     1.981283     3.233607     4.447293     2.261150     2.990421   -24.938277     6.691579     2.660083
    2.210000     0.276000     1.720000     0.442995    15.000000     8.000000     2.211333     0.277200     1.718667     1.602647    20.809115     1.513148     3.101359    -0.094083     1.759948     2.163899   -10.126241     4.846353     5.313770     1.605474    20.538129     1.500721     3.060971    -0.332831     1.743305     7.655110   -10.467993     4.789504     5.493105
    2.250000     0.337000     0.180000     0.609859    15.000000    11.000000     2.238667     0.332000     0.176733     1.117618   329.921745    43.696527    30.992649    13.872986    52.473038    36.664319  -113.179177    79.602347   117.150376     1.115728   326.577840    43.328993    30.678524    12.067687    51.995511    31.893173  -112.542600    78.612982   116.491463
    2.250000     0.337000     0.250000     0.620817    18.000000    11.000000     2.240556     0.336833     0.249167     1.222848   391.782486    18.483137    43.975585    -8.200798    20.039703    34.853392   -52.552451    33.613195    26.772003     1.227893   385.677130    18.284258    43.290290   -10.527219    19.823114    44.740679   -53.014728    33.046853    27.007503
    2.250000     0.337000     0.490000     0.621750    20.000000    11.000000     2.241000     0.337300     0.496650     2.294853   293.559130     6.473974    14.992805    26.301258     5.422352    12.951377  -136.325154    14.331090    11.940889     2.319298   286.726122     6.357601    14.643826    21.510898     5.305796    10.592488  -140.143109    13.905083    12.275309
    2.250000     0.337000     0.350000     0.620480    20.000000    11.000000     2.242500     0.337000     0.349200     0.832351   346.183269    11.620065    14.007416    40.343946    10.771462    12.103184  -150.867859    23.444898    14.888276     0.830644   339.121046    11.453548    13.721661    36.428734    10.626166    10.928620  -151.423952    22.931737    14.943153
    2.250000     0.337000     0.780000     0.623344    20.000000    11.000000     2.240500     0.337900     0.784100     1.787119   200.798150     3.803975    12.999880    -2.015305     3.307820     4.798346   -77.875949     9.666874     9.907881     1.863121   195.780974     3.729643    12.675063    -6.388484     3.195277    15.210677   -85.213486     9.263119    10.841410
    2.250000     0.337000     1.220000     0.625715    20.000000    11.000000     2.241000     0.339000     1.221700     1.286801   110.235209     2.574759     5.401725   -13.268707     2.315634     4.190118   -50.127369     6.503721     6.067003     1.259953   107.604762     2.525950     5.272829   -15.185961     2.239927     4.795567   -53.487395     6.272680     6.473673
    2.250000     0.337000     1.730000     0.626866    20.000000    11.000000     2.243500     0.339900     1.722250     1.855802    49.818425     1.745351     4.592480    -6.460781     1.824167     5.665608   -32.001536     3.677135     5.746406     1.875582    48.817134     1.718390     4.500177    -7.120316     1.791292     6.243969   -33.129626     3.594764     5.948973
    2.340000     0.404000     0.350000     0.711623    15.000000    12.000000     2.340667     0.403267     0.349267     1.396873   472.548624    48.295012    53.061604    -6.128335    60.393266    80.689746   -23.639787   105.528950   206.848140     1.398140   466.734609    47.833405    52.408759    -8.376269    59.736301   110.287539   -24.307609   104.087883   212.691582
    2.340000     0.404000     0.490000     0.711636    15.000000    12.000000     2.341333     0.403400     0.498067     0.941444   475.099577    20.455525    39.008176   -21.574336    22.688157    26.477594   -16.323752    51.026503    50.891699     0.940107   466.567804    20.201981    38.307672   -24.573996    22.372892    30.158996   -19.563095    49.966987    60.990825
    2.340000     0.404000     0.780000     0.711736    16.000000    12.000000     2.342500     0.403688     0.787937     1.677402   376.872722    10.959985    16.994261   -22.062848    10.457983     5.816569  -150.349742    26.035720    19.044301     1.704719   368.304150    10.783679    16.607879   -25.694545    10.287709     6.774017  -155.415394    25.279343    19.685950
    2.340000     0.404000     1.220000     0.712108    18.000000    12.000000     2.342778     0.404000     1.226944     2.230773   192.837618     7.401389    13.002537   -37.405447     7.937860     4.412439   -67.666828    16.233958    43.427964     2.298570   187.320569     7.248732    12.630536   -39.097723     7.800309     4.612064   -73.828587    15.661858    47.382526
    2.340000     0.404000     1.730000     0.711546    15.000000    12.000000     2.346667     0.404333     1.725067     1.075204    90.378156     6.607415     3.095826   -22.228000     7.378782     5.656232   -12.864507    11.553604     8.312451     1.087341    87.202858     6.427592     2.987059   -23.016854     7.279122     5.856967   -16.745269    11.174422    10.820020
    2.710000     0.342000     0.180000     0.420599    13.000000    15.000000     2.710000     0.336154     0.177769     1.342985   230.522299    35.256621    29.065855   -77.599002    51.298920    83.568156    59.623832    89.210193   186.821339     1.343629   227.146520    34.792406    28.640213   -77.696370    50.633545    83.673014    58.243193    87.803390   182.495339
    2.710000     0.342000     0.250000     0.440173    20.000000    15.000000     2.712000     0.342000     0.249000     1.131727   217.271406     8.099267     9.998684    -5.855367    10.165547     4.196347   -75.655252    27.078820    21.900204     1.132290   213.261250     7.956962     9.814139    -7.732810     9.981129     5.541847   -75.573509    26.571664    21.876542
    2.710000     0.342000     0.350000     0.440631    20.000000    15.000000     2.712500     0.342200     0.349250     2.078259   220.560133     8.053541     8.002182    15.491599     9.796277     7.595881   -96.814791    27.488867    27.946538     2.076083   215.512230     7.893073     7.819038    11.995465     9.573920     5.881648   -98.012508    26.831940    28.292270
    2.710000     0.342000     0.490000     0.441537    20.000000    15.000000     2.712000     0.342400     0.497000     1.968724   183.779520     5.957138     9.398953    16.852809     7.397711    11.896100  -118.888022    19.204530    30.712739     1.999240   178.888389     5.840492     9.148808    12.406515     7.208951     8.757540  -123.741560    18.556976    31.966570
    2.710000     0.342000     1.220000     0.447218    18.000000    15.000000     2.712222     0.344111     1.222278     1.991255    51.352984     2.418868     4.504648     8.940744     2.725224     4.967080   -31.299587     9.625224    15.898203     1.985773    50.098089     2.375014     4.394569     7.458448     2.636648     4.143582   -33.607834     9.363626    17.070646
    2.710000     0.342000     0.780000     0.444945    19.000000    15.000000     2.710526     0.343211     0.783421     0.801561   110.364605     3.621405     5.798141     1.690773     4.639246     5.448045   -98.301098    13.595943    19.858808     0.774290   107.605930     3.554237     5.653210    -0.967046     4.481660     3.116036  -101.079895    13.076042    20.420181
    2.710000     0.342000     1.730000     0.448398    18.000000    15.000000     2.713333     0.344611     1.722222     0.851063    28.735540     1.895247     3.504334    -2.942109     2.155035     2.029040   -17.112200     5.544280     9.153037     0.846379    28.221294     1.860144     3.441621    -3.386556     2.090164     2.335556   -17.691945     5.442078     9.463133
    2.750000     0.423000     0.500000     0.627260    16.000000    17.000000     2.750000     0.422563     0.498000     0.900393   322.927601    19.264437    20.995293    -8.440213    23.379995    16.880426   -59.368182    40.089304    15.831515     0.901792   317.676266    19.056804    20.653875   -10.348482    23.100770    20.696965   -60.639500    39.395152    16.170533
    2.750000     0.423000     0.780000     0.628603    19.000000    17.000000     2.750000     0.423316     0.788474     2.149893   232.443169     6.884362    17.003158     4.308370     6.345019    16.031143   -57.901389    17.211341    23.959195     2.088230   227.264462     6.776658    16.624337     1.205897     6.247813     4.487057   -61.933268    16.744539    25.627559
    2.750000     0.423000     1.230000     0.630306    18.000000    17.000000     2.750000     0.424278     1.227722     0.950157   140.738305     4.938161     9.002450   -25.651235     5.626320     5.766557   -15.984855    12.716117    11.988641     0.990134   136.732472     4.837169     8.746214   -27.408889     5.529312     6.161688   -21.229687    12.349231    15.922265
    2.750000     0.423000     1.730000     0.632328    14.000000    17.000000     2.750000     0.425429     1.726929     0.974512    69.255779     4.652860     2.898149   -12.664595     5.318884     3.660860    -3.052495     9.596020    13.566645     0.973128    66.922211     4.487260     2.800497   -13.698806     5.223888     3.959811    -5.986066     9.277757    26.604737
    3.120000     0.362000     0.350000     0.327526    12.000000    18.000000     3.120833     0.362333     0.350083     1.404989   218.619417    33.110794   138.758443     0.771923    53.511711   164.419677    27.750044   116.511150   409.056211     1.405529   213.203899    32.049686   135.321196    -3.413439    51.764365   727.062489    23.832187   113.942069   351.304087
    3.120000     0.362000     0.500000     0.328959    16.000000    18.000000     3.120625     0.362687     0.497250     0.786089   166.622994    14.174991    19.954850     0.524868    22.766122    30.967219   -21.518458    71.256701    57.382554     0.780909   162.237086    13.692806    19.429591    -3.288352    21.966049   194.012755   -24.822808    69.643333    66.194155
    3.230000     0.431000     0.780000     0.493422    18.000000    20.000000     3.228889     0.431389     0.788111     1.290945   138.517558     6.192374     6.505521    14.854392     7.865859     5.446610   -76.628867    17.328942    15.922882     1.274091   135.150768     6.089908     6.347399    12.315153     7.742689     4.515556   -79.023453    16.933529    16.420458
    3.230000     0.431000     0.350000     0.485598    17.000000    20.000000     3.225294     0.427647     0.351412     1.500634   276.618604    21.624554    14.979347   -79.444630    28.547367    15.888926    66.133143    47.386840    19.741237     1.502875   273.617760    21.419261    14.816846   -80.083893    28.286310    16.016779    65.195473    46.793643    19.461335
    3.230000     0.431000     0.500000     0.490756    18.000000    20.000000     3.228889     0.430278     0.497833     1.126363   201.247631    11.995631    17.020944     9.364785    16.372981    15.920134   -45.794413    29.821346    30.861452     1.130365   197.690633    11.837678    16.720103     7.467242    16.181900    12.694312   -47.000964    29.328938    31.674563
    3.230000     0.431000     1.230000     0.496966    18.000000    20.000000     3.227778     0.432722     1.226333     1.618937    75.431802     3.773558     9.191690     5.627531     4.278048    12.058995   -76.459140    10.786217    31.775227     1.598800    73.566504     3.659124     8.964395     4.082346     4.066382     8.747885   -77.366801    10.492989    32.152437
    3.230000     0.431000     1.730000     0.499027    15.000000    20.000000     3.227333     0.433533     1.728067     1.109877    65.319627     5.000938     6.691766    18.665895     5.711227     6.155774    34.683290    14.114373    14.864267     1.115887    63.984268     4.897227     6.554963    17.647656     5.592881     5.819972    32.943092    13.881549    14.118468
    3.290000     0.496000     1.230000     0.602659    11.000000    21.000000     3.289091     0.496545     1.232545     0.929973   140.248551    16.612231    18.031957   -12.412071    22.781898    10.033091   -54.502397    44.822874    12.111644     0.935603   136.477509    16.244070    17.547108   -13.933738    22.415391    11.263105   -57.617788    43.755387    12.803953
    3.670000     0.451000     0.780000     0.387696    10.000000    23.000000     3.679000     0.451000     0.789900     1.947480   144.623108    35.722613    22.940217   -22.385100    34.803559    28.490128     7.470433   102.319414    52.293031     1.950053   141.284795    35.039711    22.410692   -23.515548    34.323056    29.928879     3.991928   100.227985    27.943493
    3.670000     0.451000     1.230000     0.389567    10.000000    23.000000     3.676000     0.451300     1.228100     1.948233    76.720547    14.840468     1.793467     2.033977    17.567342     2.949267   -23.487624    48.263946     8.612129     1.953091    74.926281    14.592138     1.751523     0.806451    17.304182     1.169354   -25.609918    47.316489     9.390303
    3.670000     0.451000     0.490000     0.387412    14.000000    23.000000     3.674286     0.450286     0.497929     0.854957   184.880105    25.841317    17.988335   -32.134000    39.516222    29.121437   -38.851280    66.782352    58.276919     0.855815   181.695502    25.436052    17.678481   -33.332021    38.951885    30.207144   -39.750650    65.424091    59.625976
    3.670000     0.451000     1.730000     0.390138    10.000000    23.000000     3.679000     0.451900     1.729500     1.399063    47.030161     6.868370     3.902503   -14.839954     9.469016     7.369501   -27.730685    27.181128     8.113793     1.392841    46.217013     6.771179     3.835029   -15.240255     9.341326     7.568290   -28.221766    26.490857     8.257480
    3.760000     0.514000     0.780000     0.504206    14.000000    24.000000     3.758571     0.512857     0.792143     1.067375   189.409264    36.968474    39.875634    24.497593    45.983759    37.767122   -40.149584    56.941852    42.208537     1.070604   185.373803    36.446138    39.026064    23.312925    45.357436    35.940759   -42.853068    55.904343    45.050662
    3.760000     0.514000     1.230000     0.506969    14.000000    24.000000     3.753571     0.513571     1.232714     0.216598   131.998432    13.274791    10.999869     1.317041    14.452507    11.063144   -16.894249    37.159080    39.751174     0.221763   128.787444    13.029748    10.732287    -0.106264    14.258907     0.892617   -20.533357    36.196190    48.313781
    4.230000     0.539000     0.780000     0.422220    13.000000    26.000000     4.226154     0.538154     0.791000     1.044638   177.903011    42.465139    44.975480   -28.383052    60.955346    57.779785   -34.058009    74.432606    64.109194     1.045282   175.016870    41.798724    44.245838   -29.263613    59.991036    59.572354   -34.659903    73.041307    65.242170
