# Q2 xB t eps npts chi2ndf sigU err sigTT err sigLT err
   1.1500    0.1320    0.1200    0.3507   14.0000    2.6868  320.0158   37.7843 -248.7343  106.9402  -46.3276   64.5543
   1.1500    0.1320    0.1750    0.3507   14.0000    0.9685  296.5471   37.8112 -294.6631  104.9559  -87.3629   65.5365
   1.1500    0.1320    0.2500    0.3507   16.0000    0.9879  254.4873   17.4725 -239.6238   52.9549  -52.2697   30.3343
   1.1500    0.1320    0.3500    0.3507   15.0000    0.9145  180.7688   12.5090 -181.3787   42.0483  -55.2130   22.1185
   1.1500    0.1320    0.4900    0.3507   18.0000    1.8752  122.4397    4.5253  -80.7827   18.3270  -17.8988    7.7424
   1.1500    0.1320    0.7700    0.3507   20.0000    1.8503   64.4128    1.9562  -41.3732    7.7316    2.4284    3.0476
   1.1500    0.1320    1.2100    0.3507   13.0000    1.8700   21.9354    6.8268  -49.7259   14.6236   19.1617   11.2452
   1.1500    0.1320    1.7100    0.3507   11.0000    1.3052   17.7058    1.9949  -21.4087    6.7485    4.4211    1.2413
   1.3800    0.1690    0.1200    0.4336   18.0000    1.4323  340.6574   12.4236 -192.6702   39.8767    7.6872   18.0355
   1.3800    0.1690    0.1750    0.4336   18.0000    1.3837  349.6290   14.2571 -247.9016   44.0855   -8.4018   20.9878
   1.3800    0.1690    0.2500    0.4336   16.0000    1.2758  316.5806   11.4226 -206.4716   34.0111    7.3776   17.4026
   1.3800    0.1690    0.3500    0.4336   16.0000    1.3693  243.6867    9.6564 -159.7568   30.8805    8.3942   14.3022
   1.3800    0.1690    0.4900    0.4336   18.0000    0.8301  160.7372    4.9161 -112.2300   17.0939  -19.6858    6.8505
   1.3800    0.1690    0.7700    0.4336   19.0000    2.2769   81.0275    3.2079  -51.4383    9.3652    7.7379    4.3239
   1.3800    0.1690    1.2100    0.4336   16.0000    0.7373   39.0549    1.6775  -41.3361    4.4726    3.5396    1.6463
   1.3800    0.1690    1.7100    0.4336   16.0000    3.0327   15.2367    1.3641  -13.6764    4.0344    0.7594    0.8046
   1.4800    0.2040    0.2500    0.5591    9.0000    0.8096  710.6825  244.5239  168.1911  508.9055 -212.2011  220.7117
   1.6100    0.1860    0.1200    0.3553   18.0000    1.0370  263.7184   16.2362 -185.0006   61.7279    7.5575   27.0758
   1.6100    0.1860    0.1750    0.3553   16.0000    0.7478  329.8287   23.3244 -110.3020   80.0664   24.5269   40.3584
   1.6100    0.1860    0.2500    0.3553   16.0000    1.4941  264.8693   14.1632 -177.8679   51.3612   -9.0941   24.7333
   1.6100    0.1860    0.3500    0.3553   16.0000    1.6757  215.0860   11.4415 -148.9096   44.5701  -20.7681   19.6206
   1.6100    0.1860    0.4900    0.3553   16.0000    0.5371  154.4915    6.0719  -63.1216   24.6606   15.0362   10.1096
   1.6100    0.1860    0.7700    0.3553   20.0000    1.2965   80.2558    3.1116  -33.2768   12.1909    3.6970    4.7616
   1.6100    0.1860    1.2100    0.3553   16.0000    2.1710   33.9477    2.2902  -25.4791    6.3408   -0.3395    3.3283
   1.6100    0.1860    1.7100    0.3553   11.0000    0.7977   15.8681    1.9300  -12.2820    6.2503    2.2239    1.7752
   1.7500    0.2230    0.1200    0.4763   20.0000    1.0562  284.6382    7.5841  -73.0039   22.5853   11.7175    9.4110
   1.7500    0.2230    0.1750    0.4763   20.0000    1.3364  329.2428    8.6441 -239.5817   26.8623   29.7486   10.4408
   1.7500    0.2230    0.2500    0.4763   20.0000    2.3574  305.1767    6.4070 -235.9396   19.6018    6.2974    8.1107
   1.7500    0.2230    0.3500    0.4763   18.0000    1.5361  250.6016    6.7117 -188.5086   21.2896   23.6414    8.7389
   1.7500    0.2230    0.4900    0.4763   18.0000    1.5520  178.0809    4.7974 -121.6619   14.4901   -1.5531    6.1098
   1.7500    0.2230    0.7700    0.4763   18.0000    1.6154   99.3545    2.3120  -64.8183    7.0935    6.1868    3.0228
   1.7500    0.2230    1.2100    0.4763   20.0000    0.9274   43.7432    1.3418  -22.8385    3.9894    5.3257    1.2617
   1.7500    0.2230    1.7100    0.4763   19.0000    3.1829   18.7721    0.9885  -12.5413    2.9484    2.1046    0.8477
   1.8700    0.2690    0.1200    0.5981   13.0000    0.4142  336.7803   72.4175 -147.6601  100.7964   -0.8578   84.2113
   1.8700    0.2690    0.1750    0.5981   14.0000    0.3357  428.9465   53.1437   12.9387   90.0321    5.4253   63.3268
   1.8700    0.2690    0.2500    0.5981   18.0000    1.4254  401.9756   18.9910 -231.8075   33.3792   14.4028   20.8315
   1.8700    0.2690    0.3500    0.5981   18.0000    1.8799  363.8236   13.4365 -294.5198   27.0266   21.0177   12.5159
   1.8700    0.2690    0.4900    0.5981   18.0000    1.3492  252.0261    7.1599 -173.9549   18.0231   18.2059    6.8726
   1.8700    0.2690    0.7700    0.5981   18.0000    1.4288  147.7892    3.9903  -65.4482   11.5530    2.0587    4.0230
   1.8700    0.2690    1.2100    0.5981   20.0000    1.3840   76.0969    2.9277  -40.0260    7.0915   -7.4400    2.2312
   1.8700    0.2690    1.7100    0.5981   18.0000    0.8382   38.7641    2.0775  -23.3786    4.5777   -7.3196    1.8804
   1.9500    0.3110    0.1750    0.6748    9.0000    0.6537 -133.6383 1731.5345 -392.3552 1319.2610  528.6068 1695.4175
   1.9500    0.3110    0.2500    0.6748    9.0000    0.7952  453.6062  642.0645 -315.3312  503.2120    9.0345  633.8851
   1.9500    0.3110    0.3500    0.6748   13.0000    0.7011  460.5688   43.6393 -184.5650   74.8366  -16.9595   33.1754
   1.9500    0.3110    0.4900    0.6748   15.0000    1.2823  330.9516   22.5969 -147.2276   48.2590   15.1155   14.7693
   1.9500    0.3110    0.7700    0.6748   15.0000    1.1845  196.6495   11.9121  -72.7736   29.6724  -15.1173    9.0602
   1.9500    0.3110    1.2100    0.6748   15.0000    1.6222  126.4725    9.4624  -41.9817   21.8013  -26.3656    8.0754
   2.1000    0.2380    0.1200    0.3134   13.0000    0.4020  248.4366   31.4372  172.1243  123.8370   71.9614   49.6951
   2.1000    0.2380    0.1750    0.3134   15.0000    1.5591  220.5243   28.1534   -9.4070  123.5947  -19.1106   48.8565
   2.1000    0.2380    0.2500    0.3134   15.0000    1.4208  231.1091   19.3276   39.3529   81.0485   48.6793   34.7719
   2.1000    0.2380    0.3500    0.3134   16.0000    1.8762  209.7561   16.9902   79.4265   70.6283   85.4501   30.4117
   2.1000    0.2380    0.4900    0.3134   16.0000    1.4995  128.6376    8.5505 -110.4756   41.2246  -56.5647   14.2550
   2.1000    0.2380    0.7700    0.3134   14.0000    1.0447   89.9246    8.7203   16.1087   34.6436   -9.8139   12.5661
   2.1000    0.2380    1.2100    0.3134   11.0000    0.8573   38.9885   20.7366  -25.8896   43.4487   -6.1622   34.9944
   2.2100    0.2750    0.1200    0.4395   16.0000    1.0532  235.6620   24.7514   26.7535   56.1216  -44.8388   34.7757
   2.2100    0.2750    0.1750    0.4395   20.0000    1.3285  251.8022   12.1424  -13.0783   36.6745   -7.5739   16.2714
   2.2100    0.2750    0.2500    0.4395   20.0000    1.1282  261.3190    9.5742  -57.0999   27.9810  -11.1044   13.1440
   2.2100    0.2750    0.3500    0.4395   18.0000    0.6104  233.6417   10.5490 -109.5305   32.3619   25.1325   14.0428
   2.2100    0.2750    0.4900    0.4395   18.0000    0.9681  186.7910    6.8927  -65.1409   21.3199   34.9046    9.1477
   2.2100    0.2750    0.7700    0.4395   18.0000    1.6752   98.7120    2.9094  -72.7746    9.9651    4.4597    4.1497
   2.2100    0.2750    1.2100    0.4395   19.0000    0.5169   48.9940    1.9813  -25.1157    6.7392    4.4679    2.2716
   2.2100    0.2750    1.7100    0.4395   15.0000    1.6055   20.5381    1.5007  -10.5506    4.8273   -0.3345    1.7523
   2.2400    0.3320    0.1750    0.6209   15.0000    1.1157  326.5778   43.3290 -110.5334   77.2095   11.9185   51.3528
   2.2400    0.3320    0.2500    0.6209   18.0000    1.2279  385.6771   18.2843  -53.0038   33.0400  -10.5257   19.8203
   2.2400    0.3320    0.3500    0.6209   20.0000    0.8306  339.1210   11.4535 -151.3106   22.9146   36.4099   10.6207
   2.2400    0.3320    0.4900    0.6209   20.0000    2.3193  286.7261    6.3576 -140.3248   13.9231   21.5302    5.3106
   2.2400    0.3320    0.7700    0.6209   20.0000    1.8631  195.7810    3.7296  -85.5427    9.2989   -6.4055    3.2038
   2.2400    0.3320    1.2100    0.6209   20.0000    1.2600  107.6048    2.5259  -53.8983    6.3209  -15.2666    2.2518
   2.2500    0.3400    1.7100    0.6275   16.0000    1.5576   53.0426    2.2884  -24.6960    4.9920  -13.0802    2.9402
   2.3300    0.4000    0.2500    0.7115   11.0000    0.6413  162.0526  199.0194 -401.2414  253.9867  316.8679  221.4451
   2.3300    0.4000    0.3500    0.7115   15.0000    1.3981  466.7346   47.8334  -24.3132  104.1117   -8.3776   59.7460
   2.3300    0.4000    0.4900    0.7115   15.0000    0.9401  466.5678   20.2020  -19.5679   49.9793  -24.5783   22.3768
   2.3300    0.4000    0.7700    0.7115   16.0000    1.7047  368.3041   10.7837 -155.4754   25.2891  -25.7016   10.2905
   2.3300    0.4000    1.2100    0.7115   18.0000    2.2986  187.3206    7.2487  -73.8958   15.6761  -39.1229    7.8053
   2.3300    0.4000    1.7100    0.7115   15.0000    1.0873   87.2029    6.4276  -16.7473   11.1758  -23.0188    7.2797
   2.5900    0.2890    0.4900    0.2833    8.0000    0.5492  132.1946   78.4012  -74.5457  278.0892  -59.0409  113.8332
   2.5900    0.2890    0.7700    0.2833    8.0000    1.9148   87.2394   51.3208 -109.5526  167.1253  -52.9997   80.0440
   2.5900    0.2890    1.2100    0.2833    8.0000    0.5447  255.8887  124.0887  449.2341  246.4823 -370.7352  212.4320
   2.7100    0.3360    0.1750    0.4402   13.0000    1.3436  227.1465   34.7924   55.6528   83.8982  -75.4309   49.1572
   2.7100    0.3360    0.2500    0.4402   20.0000    1.1323  213.2612    7.9570  -75.5729   26.5715   -7.7328    9.9811
   2.7100    0.3360    0.3500    0.4402   20.0000    2.0761  215.5122    7.8931  -98.1137   26.8596   12.0035    9.5804
   2.7100    0.3360    0.4900    0.4402   20.0000    1.9992  178.8884    5.8405 -124.1241   18.6143   12.4315    7.2235
   2.7100    0.3360    0.7700    0.4402   19.0000    0.7743  107.6059    3.5542 -102.1749   13.2177   -0.9739    4.5133
   2.7100    0.3360    1.2100    0.4402   13.0000    2.7476   50.9512    2.9593  -37.0979   12.3519    6.8165    2.9163
   2.7100    0.3360    1.7100    0.4402    8.0000    1.8622   32.4584    5.5759  -31.2238   19.2268   -2.9795    2.9377
   2.7100    0.3450    1.7100    0.4505   10.0000    0.3030   30.9522    4.9617   -7.8042   14.1058   -9.5490    8.3170
   2.7300    0.4060    0.2500    0.6028   11.0000    1.9392  578.5548  168.5439  293.9134  190.1047 -336.5203  185.4175
   2.7400    0.4220    0.3500    0.6289   14.0000    1.3510  444.3137   63.8628  225.2620   90.2740 -174.1205   73.8684
   2.7400    0.4220    0.4900    0.6289   16.0000    0.9018  317.6763   19.0568  -60.4796   39.2913  -10.3296   23.0585
   2.7400    0.4220    0.7700    0.6289   19.0000    2.0882  227.2645    6.7767  -61.9022   16.7361    1.2055    6.2456
   2.7400    0.4220    1.2100    0.6289   18.0000    0.9901  136.7325    4.8372  -21.2765   12.3765  -27.4508    5.5378
   2.7400    0.4220    1.7100    0.6289   14.0000    0.9731   66.9222    4.4873   -6.0185    9.3281  -13.7503    5.2435
   3.1200    0.3620    0.2500    0.3289   10.0000    0.2946  242.3085   43.3224  254.5831  178.8245  103.7641   54.1233
   3.1200    0.3620    0.3500    0.3289   12.0000    1.4055  213.2039   32.0497   23.7337  113.4711   -3.4046   51.6308
   3.1200    0.3620    0.4900    0.3289   16.0000    0.7809  162.2371   13.6928  -24.8284   69.6589   -3.2888   21.9691
   3.1200    0.3620    0.7700    0.3289   10.0000    1.6348  121.5774   19.5559   30.0355   96.0193  -40.9068   24.4167
   3.2200    0.4070    0.2500    0.4318   12.0000    1.9314  414.7921   88.1718  324.9464  148.8606 -318.5542  122.0314
   3.2200    0.4270    0.3500    0.4931   17.0000    1.5029  273.6178   21.4193   64.2074   46.0845  -79.2756   28.0008
   3.2200    0.4270    0.4900    0.4931   18.0000    1.1304  197.6906   11.8377  -46.7804   29.1913    7.4439   16.1314
   3.2200    0.4270    0.7700    0.4931   18.0000    1.2741  135.1508    6.0899  -79.0797   16.9456   12.3210    7.7464
   3.2200    0.4270    1.2100    0.4931   18.0000    1.5988   73.5665    3.6591  -77.9780   10.5759    4.1038    4.0877
   3.2200    0.4270    1.7100    0.4931   15.0000    1.1159   63.9843    4.8972   33.3411   14.0492   17.7893    5.6378
   3.2900    0.4960    0.4900    0.6024   10.0000    1.1755  696.2653  219.4237  486.8521  231.0930 -388.6415  238.1708
   3.2900    0.4960    0.7700    0.6024   13.0000    1.7125  152.9312   33.5639 -170.4614   70.1797   96.9293   43.7275
   3.2900    0.4960    1.2100    0.6024   11.0000    0.9356  136.4775   16.2441  -57.6426   43.7742  -13.9379   22.4220
   3.2900    0.4960    1.7100    0.6024    9.0000    0.4737   81.6521   32.4825  -50.6522   70.0362   -3.2457   23.2997
   3.6700    0.4480    0.3500    0.3873   11.0000    1.1843  273.1704   99.3686   50.6715  185.2358 -145.7234  150.6663
   3.6700    0.4480    0.4900    0.3873   14.0000    0.8558  181.6955   25.4361  -39.7595   65.4387  -33.3368   38.9574
   3.6700    0.4480    0.7700    0.3873   10.0000    1.9501  141.2848   35.0397    3.9957  100.3236  -23.5299   34.3440
   3.6700    0.4480    1.2100    0.3873   10.0000    1.9531   74.9263   14.5921  -25.7581   47.5903    0.8094   17.3682
   3.6700    0.4480    1.7100    0.3873   10.0000    1.3928   46.2170    6.7712  -28.4267   26.6832  -15.3110    9.3847
   3.7500    0.5090    0.4900    0.5051   12.0000    1.2298   83.8847   70.0151 -220.4846  100.3036  163.3897   90.3433
   3.7500    0.5090    0.7700    0.5051   14.0000    1.0706  185.3738   36.4461  -42.7787   55.8073   23.2859   45.3048
   3.7500    0.5090    1.2100    0.5051   14.0000    0.2218  128.7874   13.0297  -20.6101   36.3314   -0.1065   14.2945
   3.7500    0.5090    1.7100    0.5051   12.0000    2.2336   48.1171    9.8084  -66.6209   25.5274   15.3452   12.4062
   4.1800    0.5250    0.4900    0.4077   10.0000    2.3404  337.7880  189.5235  185.2695  273.1007 -282.3207  268.0117
   4.2200    0.5380    0.7700    0.4232   13.0000    1.0453  175.0169   41.7987  -34.5768   72.8662  -29.2181   59.8977
   4.2200    0.5380    1.2100    0.4232   11.0000    0.9323  204.8252   57.1009   71.2183   82.9113 -142.0728   78.0105
