# Q2 xB t eps npts chi2ndf sigU stat syst sigTT stat syst sigLT stat syst
    1.1500     0.1320     0.1200     0.3507    14.0000     2.6809   340.8661    40.0420    78.0110  -243.4885   111.9536    84.4707   -30.3301    68.2798    67.5181
    1.1500     0.1320     0.1750     0.3507    14.0000     0.9700   314.2564    40.0800    59.0069  -296.8199   109.9616    52.7047   -76.7163    69.3305    60.7744
    1.1500     0.1320     0.2500     0.3507    16.0000     0.9921   267.2599    18.6121    20.9497  -236.7105    55.5419    16.0858   -42.3967    32.2619     5.7933
    1.1500     0.1320     0.3500     0.3507    15.0000     0.9192   187.7547    13.1287    23.9828  -181.4099    43.5779    33.1137   -50.7698    23.1808    18.6528
    1.1500     0.1320     0.4900     0.3507    18.0000     1.8975   126.3602     4.7293    13.6547   -79.6230    18.9348     1.1840   -15.0145     8.1023     5.5547
    1.1500     0.1320     0.7700     0.3507    20.0000     1.8646    65.9810     1.9970     8.3116   -40.3035     7.9411    13.2305     3.7885     3.1123     3.4748
    1.1500     0.1320     1.2100     0.3507    13.0000     1.8766    22.2547     6.9031     1.0765   -49.9067    14.8317     7.2718    19.5836    11.3736     6.6087
    1.1500     0.1320     1.7100     0.3507    11.0000     1.3072    17.8093     2.0036     3.0101   -21.7451     6.7702     4.1564     4.4016     1.2419     0.2131
    1.3800     0.1690     0.1200     0.4336    18.0000     1.4322   356.7298    13.1918    47.4842  -190.3771    41.7865    22.9210    18.4815    19.2354    22.8149
    1.3800     0.1690     0.1750     0.4336    18.0000     1.3832   366.1015    15.1463    41.4970  -246.7668    46.1886     9.4522     2.2123    22.3591     6.2473
    1.3800     0.1690     0.2500     0.4336    16.0000     1.2914   330.8368    12.0776    28.1566  -201.2155    35.3859     3.5942    18.8923    18.3996    13.9817
    1.3800     0.1690     0.3500     0.4336    16.0000     1.3761   253.8717    10.1520    25.1978  -154.3903    32.0100    24.5718    17.0497    15.0504    12.0002
    1.3800     0.1690     0.4900     0.4336    18.0000     0.8474   166.2610     5.1196    16.7263  -109.1624    17.7111     2.8746   -15.4476     7.1588     4.9045
    1.3800     0.1690     0.7700     0.4336    19.0000     2.3258    83.4177     3.2719    10.1554   -48.8533     9.6617    10.4980     9.7905     4.3987     2.9145
    1.3800     0.1690     1.2100     0.4336    16.0000     0.7388    39.6336     1.6973     4.3338   -41.2130     4.5632     0.5449     4.0102     1.6695     0.4166
    1.3800     0.1690     1.7100     0.4336    16.0000     3.0378    15.3214     1.3718     3.7845   -13.7592     4.0569     4.7106     0.7952     0.8080     0.2999
    1.4800     0.2040     0.2500     0.5591     9.0000     0.8124   733.3458   251.6342   188.4052   182.9383   525.4472   282.9314  -206.6240   225.5499    28.3939
    1.6100     0.1860     0.1200     0.3553    18.0000     1.0392   276.3626    17.2637    48.1623  -183.4008    64.5331    28.0464    16.9290    28.8393    18.3513
    1.6100     0.1860     0.1750     0.3553    16.0000     0.7515   345.3522    24.6580    71.1108  -104.9110    83.6058    71.2452    36.4312    42.6606    50.9854
    1.6100     0.1860     0.2500     0.3553    16.0000     1.5177   276.1164    14.9501    31.5710  -174.5543    53.4284     1.0474     0.0841    26.0925    15.1824
    1.6100     0.1860     0.3500     0.3553    16.0000     1.6832   223.4720    12.0134    13.5673  -144.8345    46.1565    13.5243   -13.6405    20.6054     4.2892
    1.6100     0.1860     0.4900     0.3553    16.0000     0.5442   159.9657     6.3275    20.1982   -58.2181    25.4072    21.9869    20.4631    10.5481    12.4079
    1.6100     0.1860     0.7700     0.3553    20.0000     1.3435    82.4539     3.1880     9.5795   -30.6357    12.5610    12.4716     5.7744     4.8769     2.9856
    1.6100     0.1860     1.2100     0.3553    16.0000     2.1671    34.4511     2.3106     3.6177   -24.9865     6.4468     0.9954     0.1040     3.3599     0.5538
    1.6100     0.1860     1.7100     0.3553    11.0000     0.7987    15.9823     1.9430     3.3083   -12.3045     6.3051     1.8961     2.3088     1.7838     1.5487
    1.7500     0.2230     0.1200     0.4763    20.0000     1.0525   293.3306     7.8202    36.0617   -71.7660    23.2544     7.3490    16.2113     9.7186    12.1683
    1.7500     0.2230     0.1750     0.4763    20.0000     1.3401   339.2984     8.9119    34.8449  -242.3340    27.6658    13.9570    34.9389    10.7909     6.6529
    1.7500     0.2230     0.2500     0.4763    20.0000     2.3147   316.6667     6.6628    27.2218  -231.0658    20.3952     5.1791    14.8280     8.4696    15.2240
    1.7500     0.2230     0.3500     0.4763    18.0000     1.5125   260.4843     6.9938    25.1195  -182.1121    22.1116    12.5486    32.0855     9.1447     4.0545
    1.7500     0.2230     0.4900     0.4763    18.0000     1.5491   184.4086     4.9525    15.0882  -116.4478    15.0348    11.4385     3.6540     6.3225     3.2746
    1.7500     0.2230     0.7700     0.4763    18.0000     1.5688   102.2814     2.3645     7.8788   -61.1142     7.3450     4.3667     9.1798     3.1276     0.9860
    1.7500     0.2230     1.2100     0.4763    20.0000     0.9194    44.5393     1.3612     4.4279   -21.2588     4.1044     1.4606     6.3348     1.2988     0.6101
    1.7500     0.2230     1.7100     0.4763    19.0000     3.1709    18.9414     0.9954     3.1786   -12.3418     2.9720     1.9598     2.2640     0.8553     0.4004
    1.8700     0.2690     0.1200     0.5981    13.0000     0.4147   341.9756    73.5861   113.8067  -149.9427   102.7224   101.9785     1.4813    85.5941    66.4409
    1.8700     0.2690     0.1750     0.5981    14.0000     0.3395   436.8522    54.0082   105.1465    15.6225    91.7527   101.0602     7.4199    64.3457    57.2920
    1.8700     0.2690     0.2500     0.5981    18.0000     1.4262   411.9882    19.2766    46.5647  -232.6697    34.1890    25.7274    19.4422    21.1366    11.4476
    1.8700     0.2690     0.3500     0.5981    18.0000     1.8797   373.9800    13.7001    34.2085  -293.7843    27.9307    17.0676    27.3202    12.8219     2.8243
    1.8700     0.2690     0.4900     0.5981    18.0000     1.3046   259.5534     7.3320    21.0197  -167.2018    18.8590     7.5844    25.0945     7.2188     1.4822
    1.8700     0.2690     0.7700     0.5981    18.0000     1.3908   151.8421     4.0825    12.7963   -59.3204    12.0477     1.3994     6.3328     4.2410     3.9447
    1.8700     0.2690     1.2100     0.5981    20.0000     1.2998    77.6149     2.9782     9.1615   -36.3516     7.3927     4.1808    -5.6753     2.3267     1.3889
    1.8700     0.2690     1.7100     0.5981    18.0000     0.8371    39.2270     2.0949     5.4691   -23.0445     4.6374     3.8600    -7.0268     1.9016     1.0444
    1.9500     0.3110     0.1750     0.6748     9.0000     0.6581  -124.1922  1764.6715   541.5106  -389.0879  1345.2645   317.6920   526.1037  1727.9050   456.8614
    1.9500     0.3110     0.2500     0.6748     9.0000     0.7926   451.8867   655.8912    26.8159  -329.1141   515.0766    94.0108    22.3620   647.7701   108.8176
    1.9500     0.3110     0.3500     0.6748    13.0000     0.6999   470.6094    44.4314    82.3366  -184.5787    77.0029    68.3415   -12.6826    33.6819     3.3069
    1.9500     0.3110     0.4900     0.6748    15.0000     1.2732   339.0937    23.1190    63.1680  -141.0855    50.0594    27.3271    21.1007    15.2231    16.9431
    1.9500     0.3110     0.7700     0.6748    15.0000     1.1731   201.7064    12.1732    25.3170   -67.1327    30.6991     5.5913   -11.2241     9.4419     0.7575
    1.9500     0.3110     1.2100     0.6748    15.0000     1.6461   129.3776     9.6313    16.0901   -39.5368    22.4326    11.9295   -24.8209     8.3051     3.3884
    2.1000     0.2380     0.1200     0.3134    13.0000     0.4059   258.1853    32.8314    45.2366   183.0985   128.6548    17.9223    80.3117    51.9140    13.0548
    2.1000     0.2380     0.1750     0.3134    15.0000     1.5674   228.2555    29.3758    39.9552    -7.9053   127.8384    50.1034   -14.5999    51.0650    11.7421
    2.1000     0.2380     0.2500     0.3134    15.0000     1.4381   240.0412    20.2581    26.0657    47.2168    84.0681    27.7837    57.5863    36.4822     4.9729
    2.1000     0.2380     0.3500     0.3134    16.0000     1.8683   218.5545    17.7926    38.3678    92.7954    73.1194    25.1818    96.2542    31.8671    22.1723
    2.1000     0.2380     0.4900     0.3134    16.0000     1.4985   132.4837     8.8577    17.3039  -108.7475    42.4244    17.5775   -53.9183    14.8059     1.2665
    2.1000     0.2380     0.7700     0.3134    14.0000     1.0646    92.6468     8.9367    12.3775    21.3453    35.6722    18.6239    -8.0644    12.7542     9.7906
    2.1000     0.2380     1.2100     0.3134    11.0000     0.8554    40.2192    21.1309    10.8561   -23.7429    44.5334     8.8752    -6.5759    35.6462     9.4352
    2.2100     0.2750     0.1200     0.4395    16.0000     1.0503   240.6317    25.1736    51.9430    28.3256    57.3157    52.4638   -44.1022    35.3669    38.1068
    2.2100     0.2750     0.1750     0.4395    20.0000     1.3302   257.0926    12.3706    35.2115   -12.6665    37.4561     7.6592    -5.7378    16.5839     0.0274
    2.2100     0.2750     0.2500     0.4395    20.0000     1.1311   268.7987     9.7910    29.8773   -53.2575    28.8068    24.3107    -6.3190    13.4304     4.3116
    2.2100     0.2750     0.3500     0.4395    18.0000     0.5993   241.8507    10.8405    27.0508  -102.0263    33.4813    29.5280    31.6397    14.3719    10.4090
    2.2100     0.2750     0.4900     0.4395    18.0000     0.9684   193.4876     7.0818    21.7126   -56.9486    22.0275    22.9800    41.2292     9.4051     7.3033
    2.2100     0.2750     0.7700     0.4395    18.0000     1.6816   101.4901     2.9737     7.7696   -69.2664    10.3256     8.1736     7.4200     4.3005     3.7360
    2.2100     0.2750     1.2100     0.4395    19.0000     0.5465    50.0093     2.0105     4.5979   -22.6403     6.9811     1.5148     5.8076     2.3383     1.5861
    2.2100     0.2750     1.7100     0.4395    15.0000     1.6026    20.8091     1.5131     3.2098   -10.2061     4.8846     3.1187    -0.0946     1.7690     0.5618
    2.2400     0.3320     0.1750     0.6209    15.0000     1.1176   329.9217    43.6965    45.5336  -111.1586    78.1812    66.8417    13.7015    51.8244     4.5506
    2.2400     0.3320     0.2500     0.6209    18.0000     1.2228   391.7825    18.4831    43.8483   -52.5416    33.6063     6.2291    -8.1996    20.0368    11.9964
    2.2400     0.3320     0.3500     0.6209    20.0000     0.8324   346.1833    11.6201    30.8095  -150.7549    23.4273    14.5396    40.3231    10.7659     0.9947
    2.2400     0.3320     0.4900     0.6209    20.0000     2.2949   293.5591     6.4740    25.8096  -136.5019    14.3497     3.3993    26.3248     5.4272     9.8289
    2.2400     0.3320     0.7700     0.6209    20.0000     1.7871   200.7982     3.8040    15.7513   -78.1768     9.7042     6.0994    -2.0207     3.3167     3.9928
    2.2400     0.3320     1.2100     0.6209    20.0000     1.2868   110.2352     2.5748     7.4085   -50.5124     6.5537     0.0919   -13.3392     2.3279     2.9940
    2.2500     0.3400     1.7100     0.6275    16.0000     1.4949    54.2315     2.3224     5.3264   -23.1425     5.0939     0.3802   -12.6072     2.9730     1.7395
    2.3300     0.4000     0.2500     0.7115    11.0000     0.6385   163.8477   200.0589   254.0221  -401.5110   255.7012   156.4992   319.3028   222.6338   196.5576
    2.3300     0.4000     0.3500     0.7115    15.0000     1.3969   472.5486    48.2950    65.0346   -23.6452   105.5531    18.3782    -6.1293    60.4030     4.9190
    2.3300     0.4000     0.4900     0.7115    15.0000     0.9414   475.0996    20.4555    45.3237   -16.3278    51.0391     8.2884   -21.5781    22.6921    17.4313
    2.3300     0.4000     0.7700     0.7115    16.0000     1.6774   376.8727    10.9600    30.5606  -150.4078    26.0458     3.4191   -22.0689    10.4608    11.3884
    2.3300     0.4000     1.2100     0.7115    18.0000     2.2308   192.8376     7.4014    13.8837   -67.7284    16.2487     6.9309   -37.4295     7.9430     0.9275
    2.3300     0.4000     1.7100     0.7115    15.0000     1.0752    90.3782     6.6074    11.0573   -12.8661    11.5550     5.4432   -22.2299     7.3794     2.2892
    2.5900     0.2890     0.4900     0.2833     8.0000     0.5497   137.0020    80.8861    50.1500   -68.2584   287.8535   139.0352   -57.5497   116.6828    33.2109
    2.5900     0.2890     0.7700     0.2833     8.0000     1.9156    89.1345    52.4307     8.0470  -109.4990   171.2871    20.4016   -51.9197    81.5521     8.5019
    2.5900     0.2890     1.2100     0.2833     8.0000     0.5417   267.1869   127.5134    57.9358   474.3380   254.1102    65.8185  -387.6708   218.2243    81.3985
    2.7100     0.3360     0.1750     0.4402    13.0000     1.3430   230.5223    35.2566    40.2079    56.9720    85.2425    42.8890   -75.3364    49.8032    20.2653
    2.7100     0.3360     0.2500     0.4402    20.0000     1.1317   217.2714     8.0993    20.3096   -75.6547    27.0786     3.2428    -5.8553    10.1655     2.6579
    2.7100     0.3360     0.3500     0.4402    20.0000     2.0783   220.5601     8.0535    16.6174   -96.9147    27.5172     1.0326    15.5020     9.8029     1.3311
    2.7100     0.3360     0.4900     0.4402    20.0000     1.9687   183.7795     5.9571    18.9246  -119.2555    19.2639     7.8545    16.8868     7.4126     6.6543
    2.7100     0.3360     0.7700     0.4402    19.0000     0.8016   110.3646     3.6214     9.5554   -99.3660    13.7432     5.5231     1.7027     4.6720     4.3602
    2.7100     0.3360     1.2100     0.4402    13.0000     2.7653    52.0212     3.0157     7.4911   -34.0154    12.8107     4.2281     8.4183     3.0288     2.7946
    2.7100     0.3360     1.7100     0.4402     8.0000     1.8638    32.9976     5.6437     6.3038   -30.8663    19.4420     7.6492    -2.5493     3.0381     2.6001
    2.7100     0.3450     1.7100     0.4505    10.0000     0.3088    31.6435     5.0450     4.3225    -6.7156    14.3661     8.3679    -9.3638     8.3927     0.8864
    2.7300     0.4060     0.2500     0.6028    11.0000     1.9400   579.6882   169.3756    91.3797   294.0200   191.3669    72.6311  -335.0640   186.3508    64.7708
    2.7400     0.4220     0.3500     0.6289    14.0000     1.3513   449.2406    64.4466    30.2247   229.0566    91.2812     9.8422  -174.8332    74.5499     2.6596
    2.7400     0.4220     0.4900     0.6289    16.0000     0.9004   322.9276    19.2644    31.1611   -59.2116    39.9836    10.7808    -8.4248    23.3373     5.6241
    2.7400     0.4220     0.7700     0.6289    19.0000     2.1499   232.4432     6.8844    23.6800   -57.8723    17.2027     4.2780     4.3069     6.3428    10.3519
    2.7400     0.4220     1.2100     0.6289    18.0000     0.9502   140.7383     4.9382    11.2590   -16.0201    12.7442     3.4574   -25.6905     5.6349     2.7912
    2.7400     0.4220     1.7100     0.6289    14.0000     0.9745    69.2558     4.6529     7.3807    -3.0690     9.6480     0.2378   -12.7122     5.3389     3.3412
    3.1200     0.3620     0.2500     0.3289    10.0000     0.2907   248.0795    44.2139    37.3951   263.4325   182.2143    70.8383   108.5014    55.2634     7.5362
    3.1200     0.3620     0.3500     0.3289    12.0000     1.4050   218.6194    33.1108    33.5786    27.6353   116.0296    25.7081     0.7699    53.3737     5.3608
    3.1200     0.3620     0.4900     0.3289    16.0000     0.7861   166.6230    14.1750    33.1335   -21.5233    71.2726    50.6780     0.5249    22.7693    11.7074
    3.1200     0.3620     0.7700     0.3289    10.0000     1.6501   124.3021    19.9844    30.3820    32.8601    98.3089    71.5493   -39.2905    24.7928     9.3339
    3.2200     0.4070     0.2500     0.4318    12.0000     1.9249   418.5008    89.0739    10.7764   328.0786   150.6551    43.5414  -320.1457   123.2909    24.4519
    3.2200     0.4270     0.3500     0.4931    17.0000     1.5006   276.6186    21.6246    29.1527    65.1309    46.6687    30.8399   -78.6428    28.2592    10.6583
    3.2200     0.4270     0.4900     0.4931    18.0000     1.1264   201.2476    11.9956    21.3024   -45.5795    29.6814     3.8640     9.3355    16.3218     1.3244
    3.2200     0.4270     0.7700     0.4931    18.0000     1.2909   138.5176     6.1924    18.0930   -76.6834    17.3413     4.8935    14.8614     7.8696     6.4905
    3.2200     0.4270     1.2100     0.4931    18.0000     1.6189    75.4318     3.7736     9.1820   -77.0632    10.8714     3.2951     5.6571     4.3005     0.3154
    3.2200     0.4270     1.7100     0.4931    15.0000     1.1099    65.3196     5.0009    11.8454    35.1023    14.2849    18.7907    18.8157     5.7571     1.3205
    3.2900     0.4960     0.4900     0.6024    10.0000     1.1740   703.7042   221.3534   159.6680   493.5213   233.5681   179.6340  -391.8521   240.3050   138.7104
    3.2900     0.4960     0.7700     0.6024    13.0000     1.7112   156.4262    34.0319    27.3153  -170.3202    71.5880    44.1890    99.5776    44.3449    18.5543
    3.2900     0.4960     1.2100     0.6024    11.0000     0.9300   140.2486    16.6122    24.2937   -54.5258    44.8421     1.6342   -12.4157    22.7886    10.3143
    3.2900     0.4960     1.7100     0.6024     9.0000     0.4735    83.7283    33.1702     8.0020   -49.4687    71.4824     5.5305    -2.4999    23.6281     0.3693
    3.6700     0.4480     0.3500     0.3873    11.0000     1.1813   275.6533   100.5596    43.2842    49.8962   187.8437    25.4513  -145.2073   152.5099    22.1774
    3.6700     0.4480     0.4900     0.3873    14.0000     0.8550   184.8801    25.8413    24.3748   -38.8599    66.7972    24.8818   -32.1386    39.5219    11.5474
    3.6700     0.4480     0.7700     0.3873    10.0000     1.9475   144.6231    35.7226    21.7354     7.4776   102.4170    28.2383   -22.3988    34.8248     7.5463
    3.6700     0.4480     1.2100     0.3873    10.0000     1.9482    76.7205    14.8405    10.2353   -23.6235    48.5432    13.3659     2.0415    17.6323     2.0177
    3.6700     0.4480     1.7100     0.3873    10.0000     1.3991    47.0302     6.8684     9.2797   -27.9320    27.3785    10.5014   -14.9088     9.5130     3.3261
    3.7500     0.5090     0.4900     0.5051    12.0000     1.2301    84.6885    70.6896     5.4514  -222.5093   101.4038    24.5670   165.7737    91.2300    19.8538
    3.7500     0.5090     0.7700     0.5051    14.0000     1.0674   189.4093    36.9685    43.3654   -40.0799    56.8430    50.6705    24.4692    45.9304    35.8681
    3.7500     0.5090     1.2100     0.5051    14.0000     0.2166   131.9984    13.2748    11.7803   -16.9574    37.2979    14.8336     1.3203    14.4886     3.3610
    3.7500     0.5090     1.7100     0.5051    12.0000     2.2209    50.1293    10.0362    14.8888   -63.6850    26.3874    10.8447    15.8867    12.6012     9.2639
    4.1800     0.5250     0.4900     0.4077    10.0000     2.3352   339.5109   191.7630    77.8465   184.4608   276.6247    65.1459  -282.0436   271.2337    86.3792
    4.2200     0.5380     0.7700     0.4232    13.0000     1.0446   177.9030    42.4651     9.1733   -33.9764    74.2542    22.6757   -28.3389    60.8605     5.4319
    4.2200     0.5380     1.2100     0.4232    11.0000     0.9308   211.6118    58.3577     9.4480    80.4433    85.2758     3.6190  -146.5642    79.6818     1.9209
