# Hall-A pi0 off the proton, from hepgen_mac/data/All_experiment.xlsx
# HallA_y21: 12-GeV era, Q2 2.67-8.31, xB 0.36-0.60, sigma_U and sigma_TT with systematics
# HallA_y11: 6-GeV, Q2 1.94 and 2.35, xB 0.368
# NOTE the sigma column here is sigma_U = sigma_T + eps sigma_L (unseparated), unlike
# the Rosenbluth sets y16/y17 where it is sigma_T.  Ebeam is per row and is needed for eps.
# exp        meson tgt   Q2      xB      -t       sigma_U    stat      syst      sigma_LT  stat     syst     sigma_TT   stat      syst      Ebeam
HallA_y21  pi0  p    2.670  0.480   0.3376    525.950    14.480    41.160    25.070   16.530    0.880    -29.140    43.880     1.020   4.490
HallA_y21  pi0  p    2.670  0.480   0.3676    520.400    16.360    40.730   -38.250   19.210    1.340     -7.880    45.790     0.280   4.490
HallA_y21  pi0  p    2.670  0.480   0.4076    488.330    17.330    38.220   -31.600   21.710    1.110    -55.440    47.020     1.940   4.490
HallA_y21  pi0  p    2.670  0.480   0.4676    480.770    23.450    37.630   -60.200   30.660    2.110   -116.120    57.670     4.060   4.490
HallA_y21  pi0  p    3.110  0.360   0.1957    195.460     3.660    11.930     7.050    3.190    0.250     -4.660     7.620     0.160   7.380
HallA_y21  pi0  p    3.110  0.360   0.2657    217.290     4.220    13.260    -5.970    3.810    0.210    -67.450     9.030     2.360   7.380
HallA_y21  pi0  p    3.110  0.360   0.3457    195.760     4.150    11.950   -11.550    4.010    0.400    -67.670     8.970     2.370   7.380
HallA_y21  pi0  p    3.110  0.360   0.4557    183.180     4.540    11.180   -28.080    4.630    0.980    -87.120    10.230     3.050   7.380
HallA_y21  pi0  p    3.570  0.360   0.1972    115.040     2.530     4.640    -2.370    2.180    0.080    -16.480     5.250     0.580   8.520
HallA_y21  pi0  p    3.570  0.360   0.2672    117.510     2.770     4.740    -9.700    2.540    0.340    -46.960     5.850     1.640   8.520
HallA_y21  pi0  p    3.570  0.360   0.3372    119.610     3.350     4.820    -5.320    3.520    0.190    -35.390     6.990     1.240   8.520
HallA_y21  pi0  p    3.570  0.360   0.4472    105.370     4.060     4.250   -15.080    4.610    0.530    -56.360     8.240     1.970   8.520
HallA_y21  pi0  p    4.060  0.480   0.3658    126.230     3.840     6.710    -3.930    3.360    0.140    -17.690     7.800     0.620   8.850
HallA_y21  pi0  p    4.060  0.480   0.4158    128.700     4.650     6.840    -9.180    4.450    0.320    -13.900     8.660     0.490   8.850
HallA_y21  pi0  p    4.060  0.480   0.4658    115.220     6.010     6.120   -16.420    6.240    0.570    -23.100    10.780     0.810   8.850
HallA_y21  pi0  p    4.060  0.480   0.5358    111.890     8.460     5.950   -18.010    8.970    0.630    -40.590    13.090     1.420   8.850
HallA_y21  pi0  p    4.440  0.360   0.1992     57.040     1.880     2.080    -1.840    1.440    0.060     -2.420     3.430     0.080  10.590
HallA_y21  pi0  p    4.440  0.360   0.2592     62.860     2.160     2.290    -0.230    1.830    0.010    -13.170     4.030     0.460  10.590
HallA_y21  pi0  p    4.440  0.360   0.3392     64.530     2.470     2.350     0.620    2.350    0.020    -13.490     4.660     0.470  10.590
HallA_y21  pi0  p    4.440  0.360   0.4492     51.630     2.560     1.880    -5.660    2.610    0.200    -28.800     4.760     1.010  10.590
HallA_y21  pi0  p    5.160  0.480   0.3841     70.450     2.530     2.470     0.040    2.230    0.000     -4.310     5.550     0.150   8.850
HallA_y21  pi0  p    5.160  0.480   0.4341     72.980     2.780     2.550     1.960    2.640    0.070    -13.840     5.890     0.460   8.850
HallA_y21  pi0  p    5.160  0.480   0.4941     65.770     3.170     2.300    -1.820    3.510    0.060    -19.810     6.740     0.690   8.850
HallA_y21  pi0  p    5.160  0.480   0.6041     58.490     3.740     2.050    -4.520    4.400    0.160    -22.460     7.550     0.790   8.850
HallA_y21  pi0  p    5.490  0.600   0.7291     92.480     1.420     4.260    -2.180    0.700    0.440     -3.290     1.670     0.120   8.520
HallA_y21  pi0  p    5.490  0.600   0.8491     86.890     1.390     4.010    -5.120    0.750    1.040     -4.280     1.660     0.150   8.520
HallA_y21  pi0  p    5.490  0.600   1.0091     78.960     1.380     3.640    -6.440    0.860    1.310    -17.840     1.740     0.620   8.520
HallA_y21  pi0  p    5.490  0.600   1.2791     63.430     1.370     2.920    -4.870    1.030    0.990    -13.650     1.820     0.480   8.520
HallA_y21  pi0  p    6.560  0.480   0.3811     33.480     1.600     1.540    -0.790    1.730    0.030      6.430     4.080     0.230  10.990
HallA_y21  pi0  p    6.560  0.480   0.4311     38.210     2.060     1.760    -0.390    2.390    0.010      2.150     5.140     0.080  10.990
HallA_y21  pi0  p    6.560  0.480   0.4811     31.610     2.350     1.460    -4.970    2.950    0.170     -4.240     5.560     0.150  10.990
HallA_y21  pi0  p    6.560  0.480   0.5411     43.740     4.230     2.020    11.910    5.510    0.420     -4.120     8.540     0.140  10.990
HallA_y21  pi0  p    8.310  0.600   0.7555     27.290     0.900     1.100    -0.360    0.480    0.010     -1.720     1.250     0.060  10.590
HallA_y21  pi0  p    8.310  0.600   0.8555     24.720     0.860     1.000    -0.750    0.480    0.030     -2.500     1.180     0.090  10.590
HallA_y21  pi0  p    8.310  0.600   0.9855     21.430     0.810     0.860    -2.430    0.490    0.090     -4.710     1.130     0.160  10.590
HallA_y21  pi0  p    8.310  0.600   1.2055     18.480     0.790     0.740    -1.200    0.580    0.040     -4.330     1.180     0.150  10.590
HallA_y11  pi0  p    1.941  0.368   0.1985    571.000    10.000    24.000    17.000   19.000   13.000    -39.000    19.000     7.000   5.752
HallA_y11  pi0  p    1.941  0.368   0.2185    600.000    12.000    25.000   -43.000   22.000   12.000   -110.000    24.000    13.000   5.752
HallA_y11  pi0  p    1.941  0.368   0.2425    641.000    12.000    27.000   -23.000   21.000   12.000   -141.000    22.000    17.000   5.752
HallA_y11  pi0  p    1.941  0.368   0.2725    673.000    15.000    28.000   -19.000   27.000   14.000   -174.000    28.000    17.000   5.752
HallA_y11  pi0  p    1.941  0.368   0.3065    645.000    16.000    27.000  -103.000   30.000   21.000   -319.000    29.000    23.000   5.752
HallA_y11  pi0  p    1.941  0.368   0.3465    636.000    25.000    27.000  -185.000   52.000   43.000   -352.000    45.000    53.000   5.752
HallA_y11  pi0  p    1.941  0.368   0.3945    628.000    36.000    26.000  -189.000   74.000   34.000   -343.000    57.000    68.000   5.752
HallA_y11  pi0  p    2.350  0.369   0.1999    377.000    10.000    12.000   -13.000   23.000   10.000    -12.000    23.000    14.000   5.752
HallA_y11  pi0  p    2.350  0.369   0.2199    381.000    12.000    12.000    38.000   26.000   24.000    -25.000    27.000    15.000   5.752
HallA_y11  pi0  p    2.350  0.369   0.2439    403.000    10.000    13.000   -25.000   22.000   11.000    -74.000    22.000     4.000   5.752
HallA_y11  pi0  p    2.350  0.369   0.2739    425.000    11.000    14.000   -26.000   25.000   13.000    -64.000    25.000    14.000   5.752
HallA_y11  pi0  p    2.350  0.369   0.3079    418.000    11.000    14.000   -75.000   24.000    9.000   -124.000    24.000    16.000   5.752
HallA_y11  pi0  p    2.350  0.369   0.3479    395.000    13.000    13.000   -91.000   30.000    8.000   -137.000    29.000    15.000   5.752
HallA_y11  pi0  p    2.350  0.369   0.3959    384.000    13.000    13.000  -123.000   31.000   10.000   -134.000    30.000    15.000   5.752
