                                                                       1

1                  SUPPLEMENTAL MATERIAL


    TABLE I: Beam spin asymmetry measurements for first dataset from
    experimental period with negative torus polarity.
           Q2 , xB bin −t range ϕ range BSA ∆stat ∆syst
                 0      0 - 0.42    40 - 80 0.0423 0.1108 0.0306
                 0      0 - 0.42 80 - 120 0.0775 0.0431 0.013
                 0      0 - 0.42 120 - 160 0.0677 0.0297 0.0098
                 0      0 - 0.42 160 - 200 -0.0158 0.0339 0.0134
                 0      0 - 0.42 200 - 240 -0.0294 0.0334 0.0081
                 0      0 - 0.42 240 - 280 -0.0281 0.0583 0.0386
                 0     0.42 - 0.9 80 - 120 0.0146 0.0472 0.0199
                 0     0.42 - 0.9 120 - 160 0.0479 0.0218 0.006
                 0     0.42 - 0.9 160 - 200 0.0117 0.0229 0.0056
                 0     0.42 - 0.9 200 - 240 -0.0758 0.0288 0.014
                 0     0.42 - 0.9 240 - 280 0.0218 0.0602 0.0309
                 0       0.9 - 2   80 - 120 -0.0071 0.0533 0.0178
                 0       0.9 - 2 120 - 160 0.0512 0.0273 0.014
                 0       0.9 - 2 160 - 200 0.0162 0.0281 0.0103
                 0       0.9 - 2 200 - 240 -0.0225 0.0321 0.0157
                 0       0.9 - 2 240 - 280 0.0281 0.0425 0.0158
                 1      0 - 0.42     0 - 40 0.0589 0.0614 0.0197
                 1      0 - 0.42    40 - 80 -0.0115 0.0375 0.0064
                 1      0 - 0.42 80 - 120 0.0006 0.0261 0.0075
                 1      0 - 0.42 120 - 160 0.045 0.0357 0.0145
                 1      0 - 0.42 160 - 200 -0.0252 0.0582 0.0124
                 1      0 - 0.42 200 - 240 -0.01 0.0347 0.0041
                 1      0 - 0.42 240 - 280 -0.0656 0.0301 0.0131
                 1      0 - 0.42 280 - 320 0.0018 0.0472 0.0154
                 1      0 - 0.42 320 - 360 0.0534 0.0611 0.0423
                 1     0.42 - 0.9 40 - 80 0.0203 0.0735 0.0283
                 1     0.42 - 0.9 80 - 120 0.0604 0.0195 0.0064
                 1     0.42 - 0.9 120 - 160 0.043 0.019 0.0077
                 1     0.42 - 0.9 160 - 200 -0.0363 0.0244 0.0075
                 1     0.42 - 0.9 200 - 240 -0.0518 0.0208 0.0063
                 1     0.42 - 0.9 240 - 280 -0.0167 0.0276 0.0055
                 1     0.42 - 0.9 280 - 320 0.0489 0.0753 0.0226
                 1       0.9 - 2   80 - 120 0.0329 0.0279 0.0087
                 1       0.9 - 2 120 - 160 0.0441 0.0275 0.0065
                 1       0.9 - 2 160 - 200 0.0474 0.0351 0.0093
                 1       0.9 - 2 200 - 240 -0.0513 0.0317 0.0062
                 1       0.9 - 2 240 - 280 -0.0008 0.0316 0.01
                 2      0 - 0.46     0 - 40 0.0978 0.1201 0.0446
                 2      0 - 0.46    40 - 80 0.1196 0.0783 0.0226
                 2      0 - 0.46 80 - 120 0.0547 0.0654 0.0136
                 2      0 - 0.46 120 - 160 0.0535 0.0639 0.0232
                 2      0 - 0.46 160 - 200 -0.142 0.0692 0.0388
                 2      0 - 0.46 200 - 240 -0.1097 0.0755 0.0358
                 2      0 - 0.46 240 - 280 -0.1133 0.0861 0.0281
                 2      0 - 0.46 280 - 320 -0.2584 0.1041 0.0468
                 2     0.46 - 0.9 40 - 80 -0.1352 0.1049 0.0238
                 2     0.46 - 0.9 80 - 120 0.0427 0.0542 0.0253
                 2     0.46 - 0.9 120 - 160 0.082 0.045 0.0125
                 2     0.46 - 0.9 160 - 200 0.0082 0.0452 0.0175
                 2     0.46 - 0.9 200 - 240 0.0096 0.0554 0.0158
                 2     0.46 - 0.9 240 - 280 0.0106 0.0648 0.0218
                 2       0.9 - 2   80 - 120 0.1203 0.0584 0.0242
                 2       0.9 - 2 120 - 160 0.0883 0.0419 0.0126
                 2       0.9 - 2 160 - 200 -0.0076 0.0492 0.0092
                 2       0.9 - 2 200 - 240 -0.0323 0.0448 0.0117
                 2       0.9 - 2 240 - 280 0.0169 0.0544 0.0132
                 3      0 - 0.62     0 - 40 0.0051 0.0575 0.0233
                                                                   2

TABLE I: Beam spin asymmetry measurements for first dataset from
experimental period with negative torus polarity.
       Q2 , xB bin −t range ϕ range BSA ∆stat ∆syst
             3       0 - 0.62   40 - 80 0.0149 0.0485 0.0121
             3       0 - 0.62 80 - 120 0.0291 0.0368 0.008
             3       0 - 0.62 120 - 160 -0.0179 0.0395 0.0091
             3       0 - 0.62 160 - 200 0.025 0.0765 0.035
             3       0 - 0.62 200 - 240 -0.0157 0.0438 0.0161
             3       0 - 0.62 240 - 280 -0.0323 0.0407 0.0076
             3       0 - 0.62 280 - 320 -0.0193 0.0484 0.0078
             3       0 - 0.62 320 - 360 0.0236 0.0693 0.0254
             3     0.62 - 0.98 0 - 40 -0.0661 0.0683 0.0339
             3     0.62 - 0.98 40 - 80 -0.0287 0.0456 0.0151
             3     0.62 - 0.98 80 - 120 0.0556 0.0291 0.0073
             3     0.62 - 0.98 120 - 160 0.0287 0.028 0.0077
             3     0.62 - 0.98 160 - 200 0.0632 0.048 0.013
             3     0.62 - 0.98 200 - 240 -0.0674 0.0317 0.0075
             3     0.62 - 0.98 240 - 280 -0.0329 0.0347 0.0179
             3     0.62 - 0.98 280 - 320 -0.0185 0.0471 0.0125
             3     0.62 - 0.98 320 - 360 -0.1725 0.0982 0.0292
             3       0.98 - 2   40 - 80 0.0492 0.0525 0.0196
             3       0.98 - 2 80 - 120 0.085 0.0282 0.0053
             3       0.98 - 2 120 - 160 -0.0083 0.0266 0.0049
             3       0.98 - 2 160 - 200 -0.0271 0.046 0.019
             3       0.98 - 2 200 - 240 -0.0795 0.0314 0.009
             3       0.98 - 2 240 - 280 -0.1014 0.0287 0.012
             3       0.98 - 2 280 - 320 -0.0126 0.0507 0.0152
             4       0 - 0.82    0 - 40 0.0563 0.0767 0.0126
             4       0 - 0.82   40 - 80 0.0881 0.0745 0.0211
             4       0 - 0.82 80 - 120 0.0971 0.0555 0.0124
             4       0 - 0.82 120 - 160 0.1252 0.0672 0.029
             4       0 - 0.82 160 - 200 -0.0752 0.0872 0.0311
             4       0 - 0.82 200 - 240 0.0404 0.0757 0.0379
             4       0 - 0.82 240 - 280 0.0164 0.0723 0.0219
             4       0 - 0.82 280 - 320 0.0473 0.0787 0.0307
             4       0 - 0.82 320 - 360 -0.056 0.0924 0.0213
             4     0.82 - 1.26 0 - 40 -0.0062 0.0862 0.0181
             4     0.82 - 1.26 40 - 80 0.1159 0.0667 0.0198
             4     0.82 - 1.26 80 - 120 0.0429 0.0507 0.0142
             4     0.82 - 1.26 120 - 160 0.0256 0.0534 0.0183
             4     0.82 - 1.26 160 - 200 0.0575 0.0749 0.0288
             4     0.82 - 1.26 200 - 240 -0.1091 0.0617 0.0174
             4     0.82 - 1.26 240 - 280 -0.0622 0.0621 0.021
             4     0.82 - 1.26 280 - 320 -0.1173 0.0825 0.0292
             4     0.82 - 1.26 320 - 360 -0.0513 0.1024 0.0271
             4       1.26 - 2    0 - 40 0.0294 0.0975 0.0284
             4       1.26 - 2   40 - 80 -0.0807 0.0647 0.0149
             4       1.26 - 2 80 - 120 0.0953 0.0459 0.0068
             4       1.26 - 2 120 - 160 0.0272 0.049 0.0162
             4       1.26 - 2 160 - 200 -0.0532 0.0688 0.0254
             4       1.26 - 2 200 - 240 0.0365 0.0569 0.0212
             4       1.26 - 2 240 - 280 -0.1655 0.0519 0.0184
             4       1.26 - 2 280 - 320 -0.0186 0.0686 0.0197
             4       1.26 - 2 320 - 360 -0.0775 0.0968 0.0343
                                                                    3

TABLE II: Beam spin asymmetry measurements for first dataset from
experimental period with positive torus polarity.
       Q2 , xB bin −t range ϕ range BSA ∆stat ∆syst
             0       0 - 0.62 80 - 120 0.0555 0.037 0.009
             0       0 - 0.62 120 - 160 0.0378 0.0252 0.0096
             0       0 - 0.62 160 - 200 0.0284 0.031 0.0039
             0       0 - 0.62 200 - 240 -0.0554 0.0288 0.0121
             0       0 - 0.62 240 - 280 -0.0652 0.041 0.0066
             0     0.62 - 1.09 80 - 120 0.0221 0.041 0.0105
             0     0.62 - 1.09 120 - 160 0.0171 0.0222 0.01
             0     0.62 - 1.09 160 - 200 0.042 0.0244 0.009
             0     0.62 - 1.09 200 - 240 -0.0454 0.0245 0.0048
             0     0.62 - 1.09 240 - 280 -0.054 0.0437 0.0129
             0       1.09 - 2 80 - 120 0.0241 0.0351 0.013
             0       1.09 - 2 120 - 160 0.0389 0.0271 0.0071
             0       1.09 - 2 160 - 200 -0.0375 0.0308 0.0138
             0       1.09 - 2 200 - 240 -0.0435 0.028 0.0046
             0       1.09 - 2 240 - 280 0.0026 0.0316 0.0092
             1        0 - 0.6     0 - 40 0.0129 0.0864 0.0244
             1        0 - 0.6    40 - 80 -0.0087 0.0414 0.0198
             1        0 - 0.6   80 - 120 0.0527 0.0206 0.0064
             1        0 - 0.6 120 - 160 0.0355 0.0508 0.0098
             1        0 - 0.6 200 - 240 -0.0694 0.0538 0.0069
             1        0 - 0.6 240 - 280 0.0306 0.0258 0.0075
             1        0 - 0.6 280 - 320 -0.0577 0.0486 0.0148
             1        0 - 0.6 320 - 360 -0.0152 0.0947 0.0515
             1      0.6 - 0.94 80 - 120 0.0721 0.0208 0.0045
             1      0.6 - 0.94 120 - 160 0.0623 0.0293 0.0071
             1      0.6 - 0.94 160 - 200 0.163 0.072 0.0216
             1      0.6 - 0.94 200 - 240 -0.0353 0.0309 0.0112
             1      0.6 - 0.94 240 - 280 0.0074 0.024 0.0062
             1       0.94 - 2 80 - 120 0.0509 0.0211 0.0032
             1       0.94 - 2 120 - 160 0.0422 0.0295 0.0087
             1       0.94 - 2 160 - 200 -0.0251 0.0573 0.028
             1       0.94 - 2 200 - 240 -0.0015 0.0297 0.0142
             1       0.94 - 2 240 - 280 -0.0495 0.0217 0.0047
             2       0 - 0.62    40 - 80 0.111 0.0895 0.011
             2       0 - 0.62 80 - 120 0.1687 0.0622 0.0134
             2       0 - 0.62 120 - 160 -0.0951 0.0734 0.0157
             2       0 - 0.62 160 - 200 0.0849 0.077 0.0213
             2       0 - 0.62 200 - 240 -0.1319 0.0746 0.0132
             2       0 - 0.62 240 - 280 -0.014 0.0735 0.0252
             2     0.62 - 1.02 80 - 120 0.1132 0.0579 0.0157
             2     0.62 - 1.02 120 - 160 0.0049 0.0542 0.0297
             2     0.62 - 1.02 160 - 200 0.0221 0.0577 0.0171
             2     0.62 - 1.02 200 - 240 -0.0482 0.0565 0.0188
             2     0.62 - 1.02 240 - 280 -0.0064 0.0615 0.0154
             2       1.02 - 2 80 - 120 0.0816 0.0535 0.0146
             2       1.02 - 2 120 - 160 0.0543 0.0493 0.0196
             2       1.02 - 2 160 - 200 -0.0728 0.0579 0.0084
             2       1.02 - 2 200 - 240 -0.0734 0.0471 0.0132
             2       1.02 - 2 240 - 280 -0.0819 0.0494 0.0128
             3        0 - 0.7     0 - 40 0.0998 0.0469 0.0146
             3        0 - 0.7    40 - 80 -0.0316 0.0359 0.008
             3        0 - 0.7   80 - 120 0.0225 0.0354 0.0124
             3        0 - 0.7 240 - 280 -0.0044 0.0411 0.0111
             3        0 - 0.7 280 - 320 -0.1586 0.0397 0.0155
             3        0 - 0.7 320 - 360 0.0496 0.0574 0.0242
             3      0.7 - 1.08    0 - 40 -0.0778 0.072 0.0128
             3      0.7 - 1.08 40 - 80 0.0927 0.0404 0.0144
             3      0.7 - 1.08 80 - 120 0.0599 0.0264 0.0051
             3      0.7 - 1.08 120 - 160 0.0735 0.0557 0.0093
             3      0.7 - 1.08 200 - 240 0.0193 0.0678 0.0122
                                                                    4

TABLE II: Beam spin asymmetry measurements for first dataset from
experimental period with positive torus polarity.
       Q2 , xB bin −t range ϕ range BSA ∆stat ∆syst
             3      0.7 - 1.08 240 - 280 -0.0024 0.0307 0.004
             3      0.7 - 1.08 280 - 320 -0.0304 0.0427 0.0211
             3      0.7 - 1.08 320 - 360 0.0218 0.0824 0.0177
             3       1.08 - 2    0 - 40 -0.0424 0.1102 0.0313
             3       1.08 - 2   40 - 80 0.013 0.0439 0.0104
             3       1.08 - 2 80 - 120 0.0439 0.0258 0.0059
             3       1.08 - 2 120 - 160 0.0482 0.042 0.0077
             3       1.08 - 2 200 - 240 -0.0566 0.0469 0.0117
             3       1.08 - 2 240 - 280 0.0072 0.0265 0.0035
             3       1.08 - 2 280 - 320 -0.0517 0.044 0.0189
             4       0 - 0.94    0 - 40 0.0338 0.0762 0.0265
             4       0 - 0.94   40 - 80 0.0517 0.0625 0.0164
             4       0 - 0.94 80 - 120 0.1138 0.065 0.014
             4       0 - 0.94 240 - 280 0.0 0.0799 0.0207
             4       0 - 0.94 280 - 320 -0.071 0.0713 0.0247
             4       0 - 0.94 320 - 360 -0.046 0.0918 0.0459
             4     0.94 - 1.36 0 - 40 0.0846 0.0831 0.0199
             4     0.94 - 1.36 40 - 80 0.0147 0.0655 0.0138
             4     0.94 - 1.36 80 - 120 0.1404 0.0552 0.0293
             4     0.94 - 1.36 120 - 160 0.1132 0.1019 0.0169
             4     0.94 - 1.36 200 - 240 0.1729 0.1158 0.0244
             4     0.94 - 1.36 240 - 280 -0.1932 0.0635 0.017
             4     0.94 - 1.36 280 - 320 -0.047 0.0728 0.027
             4       1.36 - 2    0 - 40   0.019 0.0874 0.0354
             4       1.36 - 2   40 - 80 -0.0268 0.0624 0.0134
             4       1.36 - 2 80 - 120 -0.0349 0.0524 0.0121
             4       1.36 - 2 120 - 160 0.0105 0.0777 0.0191
             4       1.36 - 2 200 - 240 -0.0332 0.0895 0.024
             4       1.36 - 2 240 - 280 -0.0427 0.0604 0.0077
             4       1.36 - 2 280 - 320 -0.0917 0.0687 0.0242
             4       1.36 - 2 320 - 360 0.0464 0.1093 0.0438
                                                                        5

TABLE III: σLT ′ /σ0 measurements for first dataset from experimental
period with negative torus polarity.
              ⟨Q2 ⟩ ⟨xB ⟩ ⟨−t⟩ σLT ′ /σ0 ∆stat ∆syst
             2.5495 0.2952 0.3255 0.0711 0.0246 0.0241
             2.553 0.2959 0.626 0.0655 0.0222 0.0307
             2.6203 0.2843 1.3359 0.0253 0.025 0.0337
             2.8677 0.3915 0.3356 0.0259 0.0173 0.0242
             2.9663 0.3955 0.6188 0.0608 0.014 0.0227
             3.1997 0.3948 1.2711 0.0432 0.02 0.0289
             4.5846 0.368 0.3584 0.1259 0.0381 0.0468
             4.725 0.38 0.654 0.029 0.0338 0.0277
             4.6608 0.3691 1.3596 0.0726 0.0325 0.03
             3.6891 0.4832 0.5091 0.0198 0.0217 0.0257
             4.0646 0.5118 0.7857 0.0484 0.0186 0.0229
             4.3727 0.5275 1.3613 0.0805 0.0187 0.0293
             6.0104 0.5049 0.6398 0.0597 0.0335 0.0416
             6.4545 0.5523 1.0374 0.0871 0.0312 0.0295
             6.7747 0.5841 1.6012 0.0662 0.0291 0.0285


TABLE IV: σLT ′ /σ0 measurements for first dataset from experimental
period with positive torus polarity.
              ⟨Q2 ⟩ ⟨xB ⟩ ⟨−t⟩ σLT ′ /σ0 ∆stat ∆syst
             2.5152 0.2891 0.4835 0.0673 0.0209 0.0268
             2.515 0.2912 0.8321 0.0444 0.0202 0.0227
             2.5472 0.2802 1.4717 0.0328 0.0196 0.0247
             2.8221 0.3937 0.4729 0.0321 0.0176 0.029
               2.9 0.3926 0.7557 0.0567 0.0171 0.027
             3.0698 0.3926 1.3199 0.0543 0.0162 0.0256
             4.5121 0.3609 0.4884 0.0914 0.0403 0.0419
             4.631 0.3717 0.8062 0.0581 0.0371 0.0313
             4.573 0.3626 1.4475 0.0929 0.0315 0.0287
             3.6791 0.4897 0.5611 0.0476 0.0232 0.0338
             4.0496 0.5155 0.8779 0.0523 0.0204 0.0296
             4.2635 0.5234 1.4471 0.039 0.0197 0.0399
             5.9867 0.5131 0.733 0.077 0.0391 0.0377
             6.3396 0.5543 1.1461 0.118 0.0358 0.0443
             6.587 0.5782 1.6506 0.0144 0.034 0.0233
