    1.14929     0.13193     0.11979   320.01584    37.78427    55.36931   -46.47718    64.76263   176.61327  -250.01081   107.48904   162.50703
    1.14929     0.13200     0.17457   296.54709    37.81117    70.83131   -87.52292    65.65660   145.10379  -295.52080   105.26139   217.59237
    1.15000     0.13200     0.24825   254.48729    17.47253    14.29704   -52.45051    30.43930    46.20640  -240.94206    53.24618    21.71581
    1.15000     0.13200     0.34807   180.76881    12.50900    31.73070   -55.40400    22.19499    47.64744  -182.37650    42.27962    67.24497
    1.15000     0.13206     0.49250   122.43970     4.52532     9.69435   -17.94129     7.76080     6.57847   -81.08745    18.39608     8.42062
    1.15000     0.13230     0.77020    64.41279     1.95615     7.71002     2.42264     3.04041     4.08023   -41.21832     7.70267    16.57018
    1.15818     0.13318     1.70891    17.70584     1.99493     1.59154     4.41694     1.24016     2.05439   -21.37675     6.73839     7.76420
    1.37889     0.16889     0.11978   340.65736    12.42363    33.39778     7.71406    18.09851    12.18010  -193.70582    40.09102    47.66583
    1.37944     0.16900     0.17472   349.62899    14.25706    22.92649    -8.42723    21.05139    88.48596  -249.05602    44.29084    53.44117
    1.37938     0.16900     0.24831   316.58056    11.42261    15.30299     7.39922    17.45359     6.62036  -207.40209    34.16437    50.31041
    1.38000     0.16900     0.34875   243.68674     9.65640    12.47216     8.42615    14.35672    11.89574  -160.69283    31.06139    26.25700
    1.38000     0.16900     0.49356   160.73723     4.91614    11.60558   -19.76082     6.87660    15.39804  -112.88762    17.19408    18.64199
    1.38000     0.16963     0.77247    81.02755     3.20786     3.98337     7.71316     4.31007     7.95171   -51.18624     9.31926     5.69909
    1.38000     0.16987     1.20850    39.05486     1.67752     3.74769     3.51889     1.63667     1.67147   -40.96589     4.43259     3.01220
    1.38062     0.17019     1.71075    15.23666     1.36407     1.49379     0.75310     0.79786     1.48760   -13.50136     3.98277     5.06301
    1.60889     0.18633     0.11983   263.71839    16.23624    43.95307     7.59490    27.20974    25.91201  -186.45326    62.21261    73.54545
    1.60938     0.18669     0.17469   329.82867    23.32437    54.49343    24.55087    40.39782    69.56079  -110.47272    80.19030    93.31191
    1.60938     0.18644     0.24825   264.86926    14.16316     6.71770    -9.13332    24.84013     0.00000  -179.08701    51.71321    42.93899
    1.61000     0.18688     0.34856   215.08603    11.44149    10.60962   -20.75714    19.61029    16.30918  -148.78558    44.53294    47.86109
    1.61000     0.18700     0.49381   154.49152     6.07188    10.63458    15.00358    10.08766     8.25197   -62.90445    24.57582    20.60663
    1.61000     0.18695     0.77420    80.25581     3.11162     6.91524     3.69143     4.75440    12.52450   -33.19697    12.16165    29.87727
    1.61000     0.18700     1.21087    33.94769     2.29017     2.95197    -0.33877     3.32111     5.75909   -25.39147     6.31900     6.73027
    1.61000     0.18727     1.71318    15.86806     1.93000     1.58681     2.21116     1.76506     2.11502   -12.17068     6.19361     4.58894
    1.74450     0.22305     0.24855   305.17668     6.40697     8.86525     6.30560     8.12135     8.04069  -236.40666    19.64059    44.83575
    1.74450     0.22300     0.12000   284.63818     7.58408    23.29123    11.73698     9.42670     8.69406   -73.18792    22.64220    13.21448
    1.74300     0.22300     0.17485   329.24276     8.64413    25.22933    29.75619    10.44344     7.05647  -239.67428    26.87269    25.64416
    1.74500     0.22306     0.34911   250.60165     6.71171    12.50603    23.68256     8.75413     3.68887  -189.00481    21.34567    20.65626
    1.74389     0.22317     0.49533   178.08090     4.79741     8.30529    -1.55300     6.10922     1.59614  -121.64434    14.48800    20.97316
    1.74667     0.22394     0.77678    99.35445     2.31198     5.24965     6.16833     3.01376     3.35236   -64.52541     7.06144    12.69352
    1.75000     0.22400     1.21480    43.74322     1.34178     2.94898     5.32413     1.26137     1.85922   -22.82865     3.98763     6.46094
    1.75000     0.22421     1.71490    18.77214     0.98849     4.34723     2.10092     0.84623     3.00132   -12.50773     2.94054     5.49120
    1.87000     0.26954     0.12108   336.78028    72.41752   106.35167    -0.86245    84.66884    62.09651  -148.82997   101.59506   100.21218
    1.87000     0.27086     0.17486   428.94653    53.14374    88.34139     5.42812    63.35916    57.38298    12.94838    90.09913   135.14871
    1.87000     0.27067     0.24889   401.97560    18.99098    31.22141    14.42030    20.85682    14.42030  -232.21738    33.43818    38.86900
    1.87000     0.27083     0.34906   363.82355    13.43653    25.29255    21.03025    12.52336    15.57796  -294.77673    27.05022    41.24862
    1.87000     0.27100     0.49656   252.02607     7.15991    12.62558    18.20564     6.87255     4.42448  -173.95140    18.02277    14.58275
    1.87000     0.27100     0.78011   147.78918     3.99034     7.59391     2.05865     4.02291     1.83349   -65.44685    11.55273     5.10264
    1.87000     0.27155     1.21670    76.09691     2.92770     5.38652    -7.42493     2.22664     3.64733   -39.90826     7.07063     6.13973
    1.87056     0.27211     1.71900    38.76407     2.07749     3.46108    -7.29218     1.87338     1.97931   -23.25135     4.55275     3.85830
    1.95154     0.31285     0.34915   460.56884    43.63931    80.35456   -16.96719    33.19043    23.49304  -184.68388    74.88478    58.53369
    1.95200     0.31300     0.49560   330.95165    22.59691    20.50143    15.11975    14.77347    24.47959  -147.28638    48.27826    45.23796
    1.95000     0.31300     0.78293   196.64950    11.91208    12.65566   -15.10988     9.05578     7.89525   -72.72253    29.65160    24.96445
    1.95200     0.31313     1.21953   126.47255     9.46241    16.61540   -26.36495     8.07522     7.12279   -41.98028    21.80060    22.60477
    2.09923     0.23808     0.11992   248.43659    31.43723    77.99753    71.95349    49.68959    99.27760   172.09364   123.81497   209.58890
    2.09938     0.23800     0.34931   209.75607    16.99020     7.75810    85.53697    30.44260     9.00389    79.55693    70.74426    40.21559
    2.10000     0.23800     0.49556   128.63756     8.55054    12.62104   -56.67189    14.28203     9.62353  -110.81378    41.35079    29.55034
    2.10000     0.23829     0.77793    89.92455     8.72033     8.93419    -9.79884    12.54675    14.69826    16.06875    34.55774    24.48571
    2.10000     0.23882     1.21582    38.98850    20.73657    15.59540    -6.11392    34.72051    31.58859   -25.56353    42.90143    30.00936
    2.10133     0.23813     0.17467   220.52433    28.15338   143.14737   -19.15186    48.96190   390.40337    -9.43985   124.02583   361.41155
    2.10067     0.23800     0.24900   231.10915    19.32758    23.11091    48.81724    34.87039    25.69328    39.53315    81.41970    89.15987
    2.20875     0.27444     0.12194   235.66198    24.75136    10.75636   -45.31615    35.14597     9.26921    27.19174    57.04093    15.93999
    2.20850     0.27605     0.17505   251.80221    12.14237    17.63595    -7.57281    16.26905    16.40775   -13.07536    36.66619    41.23767
    2.21000     0.27600     0.24855   261.31898     9.57417    18.47121   -11.12020    13.16279    37.06732   -57.22474    28.04221    31.79153
    2.21000     0.27600     0.34922   233.64166    10.54902    10.62008    25.16831    14.06281     9.43812  -109.77002    32.43268    23.67589
    2.21000     0.27611     0.49600   186.79098     6.89268    16.41058    34.92941     9.15417    16.99728   -65.21174    21.34306    54.73128
    2.21000     0.27678     0.77967    98.71204     2.90944     6.42504     4.44392     4.13501     4.26129   -72.37959     9.91098    10.48980
    2.21000     0.27695     1.21842    48.99405     1.98128     3.23361     4.44729     2.26115     2.99042   -24.93828     6.69158     2.66008
    2.21133     0.27720     1.71867    20.53813     1.50072     3.06097    -0.33283     1.74331     7.65511   -10.46799     4.78950     5.49310
    2.23867     0.33200     0.17673   326.57784    43.32899    30.67852    12.06769    51.99551    31.89317  -112.54260    78.61298   116.49146
    2.24056     0.33683     0.24917   385.67713    18.28426    43.29029   -10.52722    19.82311    44.74068   -53.01473    33.04685    27.00750
    2.24100     0.33730     0.49665   286.72612     6.35760    14.64383    21.51090     5.30580    10.59249  -140.14311    13.90508    12.27531
    2.24250     0.33700     0.34920   339.12105    11.45355    13.72166    36.42873    10.62617    10.92862  -151.42395    22.93174    14.94315
    2.24050     0.33790     0.78410   195.78097     3.72964    12.67506    -6.38848     3.19528    15.21068   -85.21349     9.26312    10.84141
    2.24100     0.33900     1.22170   107.60476     2.52595     5.27283   -15.18596     2.23993     4.79557   -53.48739     6.27268     6.47367
    2.24350     0.33990     1.72225    48.81713     1.71839     4.50018    -7.12032     1.79129     6.24397   -33.12963     3.59476     5.94897
    2.34067     0.40327     0.34927   466.73461    47.83340    52.40876    -8.37627    59.73630   110.28754   -24.30761   104.08788   212.69158
    2.34133     0.40340     0.49807   466.56780    20.20198    38.30767   -24.57400    22.37289    30.15900   -19.56310    49.96699    60.99083
    2.34250     0.40369     0.78794   368.30415    10.78368    16.60788   -25.69455    10.28771     6.77402  -155.41539    25.27934    19.68595
    2.34278     0.40400     1.22694   187.32057     7.24873    12.63054   -39.09772     7.80031     4.61206   -73.82859    15.66186    47.38253
    2.34667     0.40433     1.72507    87.20286     6.42759     2.98706   -23.01685     7.27912     5.85697   -16.74527    11.17442    10.82002
    2.71000     0.33615     0.17777   227.14652    34.79241    28.64021   -77.69637    50.63354    83.67301    58.24319    87.80339   182.49534
    2.71200     0.34200     0.24900   213.26125     7.95696     9.81414    -7.73281     9.98113     5.54185   -75.57351    26.57166    21.87654
    2.71250     0.34220     0.34925   215.51223     7.89307     7.81904    11.99546     9.57392     5.88165   -98.01251    26.83194    28.29227
    2.71200     0.34240     0.49700   178.88839     5.84049     9.14881    12.40652     7.20895     8.75754  -123.74156    18.55698    31.96657
    2.71222     0.34411     1.22228    50.09809     2.37501     4.39457     7.45845     2.63665     4.14358   -33.60783     9.36363    17.07065
    2.71053     0.34321     0.78342   107.60593     3.55424     5.65321    -0.96705     4.48166     3.11604  -101.07989    13.07604    20.42018
    2.71333     0.34461     1.72222    28.22129     1.86014     3.44162    -3.38656     2.09016     2.33556   -17.69195     5.44208     9.46313
    2.75000     0.42256     0.49800   317.67627    19.05680    20.65387   -10.34848    23.10077    20.69696   -60.63950    39.39515    16.17053
    2.75000     0.42332     0.78847   227.26446     6.77666    16.62434     1.20590     6.24781     4.48706   -61.93327    16.74454    25.62756
    2.75000     0.42428     1.22772   136.73247     4.83717     8.74621   -27.40889     5.52931     6.16169   -21.22969    12.34923    15.92226
    2.75000     0.42543     1.72693    66.92221     4.48726     2.80050   -13.69881     5.22389     3.95981    -5.98607     9.27776    26.60474
    3.12083     0.36233     0.35008   213.20390    32.04969   135.32120    -3.41344    51.76436   727.06249    23.83219   113.94207   351.30409
    3.12062     0.36269     0.49725   162.23709    13.69281    19.42959    -3.28835    21.96605   194.01275   -24.82281    69.64333    66.19415
    3.22889     0.43139     0.78811   135.15077     6.08991     6.34740    12.31515     7.74269     4.51556   -79.02345    16.93353    16.42046
    3.22529     0.42765     0.35141   273.61776    21.41926    14.81685   -80.08389    28.28631    16.01678    65.19547    46.79364    19.46133
    3.22889     0.43028     0.49783   197.69063    11.83768    16.72010     7.46724    16.18190    12.69431   -47.00096    29.32894    31.67456
    3.22778     0.43272     1.22633    73.56650     3.65912     8.96439     4.08235     4.06638     8.74789   -77.36680    10.49299    32.15244
    3.22733     0.43353     1.72807    63.98427     4.89723     6.55496    17.64766     5.59288     5.81997    32.94309    13.88155    14.11847
    3.28909     0.49655     1.23255   136.47751    16.24407    17.54711   -13.93374    22.41539    11.26310   -57.61779    43.75539    12.80395
    3.67900     0.45100     0.78990   141.28480    35.03971    22.41069   -23.51555    34.32306    29.92888     3.99193   100.22799    27.94349
    3.67600     0.45130     1.22810    74.92628    14.59214     1.75152     0.80645    17.30418     1.16935   -25.60992    47.31649     9.39030
    3.67429     0.45029     0.49793   181.69550    25.43605    17.67848   -33.33202    38.95188    30.20714   -39.75065    65.42409    59.62598
    3.67900     0.45190     1.72950    46.21701     6.77118     3.83503   -15.24025     9.34133     7.56829   -28.22177    26.49086     8.25748
    3.75857     0.51286     0.79214   185.37380    36.44614    39.02606    23.31292    45.35744    35.94076   -42.85307    55.90434    45.05066
    3.75357     0.51357     1.23271   128.78744    13.02975    10.73229    -0.10626    14.25891     0.89262   -20.53336    36.19619    48.31378
    4.22615     0.53815     0.79100   175.01687    41.79872    44.24584   -29.26361    59.99104    59.57235   -34.65990    73.04131    65.24217
