   1.166    0.133    0.120  157.508   27.409   22.049    7.446   50.630   30.146   92.198  109.089  131.830
   1.166    0.133    0.170  143.052   17.784   16.015    1.501   27.207   13.780   -4.684   76.790  205.896
   1.166    0.133    0.250  116.123   10.218   10.593  -23.161   15.245   10.423  -75.212   42.111   30.568
   1.166    0.133    0.350   93.038    8.742    3.563   -1.827   12.987    5.902  -31.647   37.489    9.590
   1.166    0.133    0.500   50.672    4.290    5.851    1.593    6.161    3.893  -36.012   19.094   10.561
   1.166    0.133    0.800   36.104    2.470    1.591    1.020    3.108    5.192  -43.048   10.015   14.102
   1.166    0.133    1.250   16.207    1.727    1.801   -1.206    2.433    3.014  -14.541    6.575    5.307
   1.388    0.170    0.120  132.704   15.377   21.474   25.755   19.837   13.959   15.126   53.108   27.366
   1.388    0.170    0.170  154.852   17.991   21.683  -18.731   23.401   29.701   -0.406   57.130    8.130
   1.388    0.170    0.250  100.720    7.946    7.816   10.073   10.032    6.082  -23.503   25.226   26.890
   1.388    0.170    0.350  103.635    7.965    6.242    7.175    9.329    8.685  -81.526   25.602   15.674
   1.388    0.170    0.500   64.752    4.488    2.677    4.040    4.988    2.913  -65.505   15.112   17.013
   1.388    0.170    0.800   38.694    2.353    2.580    5.590    2.830    3.236  -12.397    8.192    4.688
   1.388    0.170    1.250   16.808    1.507    2.089   -1.788    1.890    1.157   -6.214    5.338    3.003
   1.619    0.187    0.250  116.060   14.489   11.497   -6.725   22.381   15.020   11.401   56.495   32.285
   1.619    0.187    0.350   97.544   13.137    8.922  -21.152   20.813    7.085  -23.433   50.447   52.723
   1.619    0.187    0.500   70.393    7.592    3.569   -6.231   10.984    7.543  -23.961   31.936   39.582
   1.619    0.187    0.800   38.278    3.325    1.690   -4.559    4.518    2.226  -45.325   13.033    9.170
   1.619    0.187    1.250   18.233    2.711    2.192   -1.266    3.905    1.688  -16.709   12.056    6.095
   1.770    0.223    0.170   92.526   11.324   11.900   16.991   14.939   11.964   22.666   34.834   30.666
   1.770    0.223    0.250   95.547    6.361    6.641   24.051    7.379    6.139  -31.415   20.714   15.603
   1.770    0.223    0.350  104.088    6.574    4.064    7.460    7.115    5.910  -62.649   20.035   14.073
   1.770    0.223    0.500   77.231    3.935    4.164    2.536    4.478    2.989  -26.720   12.174   18.199
   1.770    0.223    0.800   46.597    2.192    3.179    1.887    2.483    1.887  -16.381    6.743    6.975
   1.770    0.223    1.250   24.346    1.464    1.789    3.046    1.518    1.827  -23.636    4.334    2.836
   1.770    0.223    1.750   12.859    1.655    1.495   -0.917    2.138    1.833   -0.575    5.130    5.174
   1.878    0.271    0.250  136.482   13.705   27.693   27.002   15.353   19.020   62.437   33.036   46.753
   1.878    0.271    0.350  124.809   13.206   11.400   18.463   15.365   14.360   -1.532   31.469  108.890
   1.878    0.271    0.500  103.056    7.048    3.666    6.136    6.718    6.042  -34.751   17.244   31.509
   1.878    0.271    0.800   81.222    4.617    5.058   -2.609    3.982    3.403  -60.962   10.531   10.580
   1.878    0.271    1.250   43.354    3.351    5.568   -4.189    3.423    4.608  -23.450    7.879    7.075
   1.878    0.271    1.750   31.658   10.048    0.000  -12.946    9.080    0.000    9.350   20.558    0.000
   1.954    0.313    0.500  245.199   43.052    0.000    2.454   40.983    0.000  -74.401   91.010    0.000
   1.954    0.313    0.800  122.536   21.315    0.000   -9.005   24.126    0.000  -25.225   45.646    0.000
   1.954    0.313    1.250   99.908   18.046   10.199    6.368   18.428   17.444    8.816   38.166   32.201
   2.107    0.238    0.500  120.554   20.957   10.418  -43.767   30.482    8.898 -100.093   82.154   16.856
   2.107    0.238    0.800   55.503   10.548    6.565  -14.790   18.869    4.166   -1.652   43.381   98.412
   2.236    0.276    0.250   96.297   11.538   10.821   -1.307   17.125   26.263    1.967   35.975   24.296
   2.236    0.276    0.350   80.147    9.283    5.753   -2.372   13.314    5.573   15.910   30.827   16.323
   2.236    0.276    0.500   62.084    5.248    7.251   -8.325    7.302    5.657   -5.667   18.829   26.732
   2.236    0.276    0.800   43.770    2.784    2.283    3.325    3.382    2.054  -26.409    9.483    4.965
   2.236    0.276    1.250   24.034    2.106    2.384   -1.673    2.864    2.565  -18.436    6.708    4.556
   2.236    0.276    1.750   14.681    2.078    2.397   -1.363    2.646    2.622  -10.400    6.314    6.049
   2.262    0.334    0.250  141.738   31.741   41.008  -35.414   35.122   49.779   60.967   52.718   71.952
   2.262    0.334    0.350  116.081   11.617    6.957   -8.124   13.244   12.546    6.383   26.393   40.095
   2.262    0.334    0.500  136.770    6.682    7.642   -2.220    7.146    7.478  -38.588   15.623    4.254
   2.262    0.334    0.800   88.049    3.555    3.768    7.772    3.294    3.646  -50.156    7.914    6.775
   2.262    0.334    1.250   50.741    2.657    5.451    2.893    2.792    6.065  -16.857    6.178   10.895
   2.262    0.334    1.750   28.306    2.880    4.370  -11.545    3.169    6.076   13.706    5.104    4.602
   2.346    0.401    0.350  485.053  161.668    0.000 -219.659  158.506    0.000  209.745  220.159    0.000
   2.346    0.401    0.500  214.078   33.832   19.507  -39.160   37.321   29.168  -48.205   54.251   40.320
   2.346    0.401    0.800  164.241   14.546   19.252  -27.159   15.056   16.315    6.393   27.436   16.032
   2.346    0.401    1.250  113.312   11.977   20.206  -10.154   12.860   18.738  -30.290   20.962   24.415
   2.346    0.401    1.750   82.958   24.422   54.515    1.136   27.784   62.139  -12.870   38.186  108.111
   2.734    0.339    0.350   93.649   20.636   14.813  -29.416   30.158   16.514   47.831   50.757   30.467
   2.734    0.339    0.500   78.530    6.065    3.177   -4.167    8.464    7.566   19.111   19.815   15.350
   2.734    0.339    0.800   58.401    3.377    2.281   12.399    4.364    4.364   -9.245   11.074    5.982
   2.734    0.339    1.250   28.444    2.424    2.884   -0.292    3.248    1.750   -4.548    7.500   10.613
   2.734    0.339    1.750   18.625    2.163    2.689   -5.021    3.030    2.510    2.581    6.293   10.118
   2.767    0.423    0.500  163.664   20.576   20.906  -53.623   23.383   25.358   26.953   36.541   33.465
   2.767    0.423    0.800  100.098    7.424   11.409   11.793    8.406   12.856  -17.462   16.861   22.741
   2.767    0.423    1.250   67.122    5.481    7.326    7.616    6.377    5.881  -30.105   12.511   13.840
   2.767    0.423    1.750   44.786    6.282    6.822   -4.522    7.589   10.585    8.677   11.825   16.599
   3.246    0.430    0.500  107.892   20.572   14.731  -22.516   27.216   17.749   21.318   43.151   23.541
   3.246    0.430    0.800   61.718    5.313    4.664    9.733    7.017    4.668  -23.895   15.011   12.204
   3.246    0.430    1.250   46.751    4.164    3.871   -3.800    5.553    9.077   -0.835   11.947  189.639
   3.246    0.430    1.750   30.368    4.914    3.473   -7.566    7.010    4.664    6.247   11.979   13.089
   3.290    0.493    1.250   79.482   26.430    0.000   18.972   31.290    0.000  -41.812   59.375    0.000
   3.290    0.493    1.750  127.095   38.014   34.590   -7.232   41.999   20.846   16.259   77.047   48.684
   3.688    0.450    0.500  121.943  266.275    0.000  -42.609  391.227    0.000   46.604  401.845    0.000
   3.688    0.450    0.800   67.668   11.670    5.863  -12.461   18.415    5.664    7.021   48.103   25.640
   3.688    0.450    1.250   43.322   33.521    0.000   -0.352   53.330    0.000  -39.091   73.444    0.000
   3.769    0.513    0.800   71.051   42.734   10.747   14.989   57.885   25.048  -39.130   76.715   30.255
   3.769    0.513    1.250   56.044   14.197    7.241   11.351   20.312   10.957  -30.087   35.166   23.277
   3.769    0.513    1.750   56.681   17.443    9.017   -3.669   24.038    9.495  -17.939   34.626   16.496
   4.235    0.537    1.250   99.935   30.015   12.604  -46.955   45.313   15.618   49.055   73.547   20.836
