# Zhao 2019 fig 5, read from the vector PDF
# Q2 mt alpha stat_stored stat_drawn syst_stored syst_drawn
   1.5100    0.2600    0.2122    0.0270    0.0350    0.0870    0.0479
   1.5100    0.5790    0.0951    0.0260    0.0340    0.0870    0.0244
   1.5100    1.1500    0.1231    0.0290    0.0370    0.0870    0.0394
   1.7900    0.2580    0.1471    0.0320    0.0400    0.0870    0.0346
   1.7900    0.5770    0.1331    0.0260    0.0340    0.0870    0.0218
   1.7900    1.1300    0.1631    0.0350    0.0430    0.0870    0.0367
   3.1000    0.3180    0.1891    0.0668    0.0750    0.0870    0.0457
   3.1000    0.6010    0.1771    0.0308    0.0390    0.0870    0.0446
   3.1000    1.2100    0.1991    0.0238    0.0320    0.0870    0.0448
